0 0
1 0
2 0
3 0
4 0
5 0
6 0
7 0
8 0
9 0
10 0
11 0
12 0
13 0
14 0
15 0
16 0
17 0
18 0
19 0
20 0
21 0
22 0
23 0
24 0
25 0
26 0
27 0
28 0
29 0
30 0
31 0
32 0
33 0
34 0
35 0
36 0
37 0
38 0
39 0
40 0
41 0
42 0
43 0
44 0
45 0
46 0
47 0
48 0
49 0
50 0
51 0
52 0
53 0
54 0
55 0
56 0
57 0
58 0
59 0
60 0
61 0
62 0
63 0
64 0
65 0
66 0
67 0
68 0
69 0
70 0
71 0
72 0
73 0
74 0
75 0
76 0
77 0
78 0
79 0
80 0
81 0
82 0
83 0
84 0
85 0
86 0
87 0
88 0
89 0
90 0
91 0
92 0
93 0
94 0
95 0
96 0
97 0
98 0
99 0
100 0
101 0
102 0
103 0
104 0
105 0
106 0
107 0
108 0
109 0
110 0
111 0
112 0
113 0
114 0
115 0
116 0
117 0
118 0
119 0
120 0
121 0
122 0
123 0
124 0
125 0
126 0
127 0
128 0
129 0
130 0
131 0
132 0
133 0
134 0
135 0
136 0
137 0
138 0
139 0
140 0
141 0
142 0
143 0
144 0
145 0
146 0
147 0
148 0
149 0
150 0
151 0
152 0
153 0
154 0
155 0
156 0
157 0
158 0
159 0
160 0
161 0
162 0
163 0
164 0
165 0
166 0
167 0
168 0
169 0
170 0
171 0
172 0
173 0
174 0
175 0
176 0
177 0
178 0
179 0
180 0
181 0
182 0
183 0
184 0
185 0
186 0
187 0
188 0
189 0
190 0
191 0
192 0
193 0
194 0
195 0
196 0
197 0
198 0
199 0
200 0
201 0
202 0
203 0
204 0
205 0
206 0
207 0
208 0
209 0
210 0
211 0
212 0
213 0
214 0
215 0
216 0
217 0
218 0
219 0
220 0
221 0
222 0
223 0
224 0
225 0
226 0
227 0
228 0
229 0
230 0
231 0
232 0
233 0
234 0
235 0
236 0
237 0
238 0
239 0
240 0
241 0
242 0
243 0
244 0
245 0
246 0
247 0
248 0
249 0
250 0
251 0
252 0
253 0
254 0
255 0
256 0
257 0
258 0
259 0
260 0
261 0
262 0
263 0
264 0
265 0
266 0
267 0
268 0
269 0
270 0
271 0
272 0
273 0
274 0
275 0
276 0
277 0
278 0
279 0
280 0
281 0
282 0
283 0
284 0
285 0
286 0
287 0
288 0
289 0
290 0
291 0
292 0
293 0
294 0
295 0
296 0
297 0
298 0
299 0
300 0
301 0
302 0
303 0
304 0
305 0
306 0
307 0
308 0
309 0
310 0
311 0
312 0
313 0
314 0
315 0
316 0
317 0
318 0
319 0
320 0
321 0
322 0
323 0
324 0
325 0
326 0
327 0
328 0
329 0
330 0
331 0
332 0
333 0
334 0
335 0
336 0
337 0
338 0
339 0
340 0
341 0
342 0
343 0
344 0
345 0
346 0
347 0
348 0
349 0
350 0
351 0
352 0
353 0
354 0
355 0
356 0
357 0
358 0
359 0
360 0
361 0
362 0
363 0
364 0
365 0
366 0
367 0
368 0
369 0
370 0
371 0
372 0
373 0
374 0
375 0
376 0
377 0
378 0
379 0
380 0
381 0
382 0
383 0
384 0
385 0
386 0
387 0
388 0
389 0
390 0
391 0
392 0
393 0
394 0
395 0
396 0
397 0
398 0
399 0
400 0
401 0
402 0
403 0
404 0
405 0
406 0
407 0
408 0
409 0
410 0
411 0
412 0
413 0
414 0
415 0
416 0
417 0
418 0
419 0
420 0
421 0
422 0
423 0
424 0
425 0
426 0
427 0
428 0
429 0
430 0
431 0
432 0
433 0.0001
434 0.0
435 0.0
436 0.0
437 0.0
438 0.0
439 0.0
440 0.0
441 0.0
442 0.0
443 0.0
444 0.0
445 0.0
446 0.0
447 0.0
448 0.0
449 0.0
450 0.0
451 0.0
452 0.0
453 0.0
454 0.0
455 0.0
456 0.0
457 0.0
458 0.0
459 0.0
460 0.0
461 0.0
462 0.0
463 0.0
464 0.0
465 0.0
466 0.0
467 0.0
468 0.0
469 0.0
470 0.0001
471 0.0
472 0.0
473 0.0
474 0.0001
475 0.0
476 0.0001
477 0.0001
478 0.00020000000000000001
479 0.0
480 0.0
481 0.0
482 0.0001
483 0.0
484 0.0
485 0.0001
486 0.0
487 0.0
488 0.0
489 0.0001
490 0.0001
491 0.0001
492 0.00020000000000000001
493 0.0001
494 0.0
495 0.00020000000000000001
496 0.0001
497 0.0001
498 0.0
499 0.0001
500 0.00020000000000000001
501 0.0001
502 0.00050000000000000001
503 0.00040000000000000002
504 0.00020000000000000001
505 0.00020000000000000001
506 0.00080000000000000004
507 0.00029999999999999997
508 0.0014
509 0.00080000000000000004
510 0.00089999999999999998
511 0.0016000000000000001
512 0.0011000000000000001
513 0.0025999999999999999
514 0.002
515 0.0028
516 0.0025000000000000001
517 0.0038999999999999998
518 0.0035999999999999999
519 0.0041999999999999997
520 0.0041000000000000003
521 0.0047999999999999996
522 0.0040000000000000001
523 0.0047000000000000002
524 0.0047999999999999996
525 0.0051999999999999998
526 0.0057999999999999996
527 0.0064000000000000003
528 0.0063
529 0.0073000000000000001
530 0.0074999999999999997
531 0.0083000000000000001
532 0.0083000000000000001
533 0.0092999999999999992
534 0.0109
535 0.011900000000000001
536 0.015299999999999999
537 0.012500000000000001
538 0.015800000000000002
539 0.016
540 0.0146
541 0.017299999999999999
542 0.016799999999999999
543 0.018100000000000002
544 0.02
545 0.019599999999999999
546 0.018599999999999998
547 0.022800000000000001
548 0.018200000000000001
549 0.0212
550 0.0178
551 0.0229
552 0.022800000000000001
553 0.023
554 0.022200000000000001
555 0.025999999999999999
556 0.0269
557 0.025999999999999999
558 0.028400000000000002
559 0.0269
560 0.027400000000000001
561 0.028799999999999999
562 0.032300000000000002
563 0.0293
564 0.0298
565 0.028299999999999999
566 0.024899999999999999
567 0.0298
568 0.0298
569 0.030300000000000001
570 0.028199999999999999
571 0.027099999999999999
572 0.0263
573 0.024299999999999999
574 0.022599999999999999
575 0.0195
576 0.022200000000000001
577 0.0206
578 0.0224
579 0.020899999999999998
580 0.016400000000000001
581 0.017600000000000001
582 0.0167
583 0.0132
584 0.014500000000000001
585 0.013100000000000001
586 0.011599999999999999
587 0.010200000000000001
588 0.0103
589 0.0097999999999999997
590 0.0074999999999999997
591 0.0077999999999999996
592 0.0064000000000000003
593 0.0077999999999999996
594 0.0074999999999999997
595 0.0050000000000000001
596 0.0058999999999999999
597 0.0051999999999999998
598 0.0054999999999999997
599 0.0047000000000000002
600 0.0047000000000000002
601 0.0051000000000000004
602 0.0051999999999999998
603 0.0058999999999999999
604 0.0067000000000000002
605 0.0070000000000000001
606 0.0061000000000000004
607 0.0071999999999999998
608 0.0083000000000000001
609 0.0094000000000000004
610 0.010999999999999999
611 0.010500000000000001
612 0.0109
613 0.011900000000000001
614 0.0109
615 0.013100000000000001
616 0.012200000000000001
617 0.0152
618 0.018599999999999998
619 0.017899999999999999
620 0.026100000000000002
621 0.039300000000000002
622 0.0613
623 0.0969
624 0.1474
625 0.21079999999999999
626 0.31719999999999998
627 0.44779999999999998
628 0.62949999999999995
629 0.85440000000000005
630 1.1153999999999999
631 1.4557
632 1.8454999999999999
633 2.2643
634 2.7444000000000002
635 3.2349000000000001
636 3.7357999999999998
637 4.2030000000000003
638 4.6769999999999996
639 5.1124000000000001
640 5.4896000000000003
641 5.8067000000000002
642 6.1680000000000001
643 6.4694000000000003
644 6.7183999999999999
645 6.9340000000000002
646 7.1603000000000003
647 7.3101000000000003
648 7.4260999999999999
649 7.5018000000000002
650 7.5175000000000001
651 7.5213999999999999
652 7.4649000000000001
653 7.3301999999999996
654 7.1172000000000004
655 6.8776999999999999
656 6.641
657 6.3441000000000001
658 6.0002000000000004
659 5.6287000000000003
660 5.2218
661 4.8609
662 4.5030999999999999
663 4.1510999999999996
664 3.7890999999999999
665 3.48
666 3.1613000000000002
667 2.8961999999999999
668 2.6536
669 2.4243000000000001
670 2.2008000000000001
671 1.9910000000000001
672 1.8123
673 1.6498999999999999
674 1.5082
675 1.3864000000000001
676 1.2608999999999999
677 1.1657999999999999
678 1.0329999999999999
679 1.0056
680 0.8982
681 0.82809999999999995
682 0.76280000000000003
683 0.69840000000000002
684 0.66159999999999997
685 0.63019999999999998
686 0.55900000000000005
687 0.51029999999999998
688 0.48930000000000001
689 0.43430000000000002
690 0.41189999999999999
691 0.38800000000000001
692 0.35580000000000001
693 0.33660000000000001
694 0.30819999999999997
695 0.28370000000000001
696 0.27210000000000001
697 0.25090000000000001
698 0.23069999999999999
699 0.2235
700 0.20080000000000001
701 0.19670000000000001
702 0.186
703 0.17319999999999999
704 0.1636
705 0.15440000000000001
706 0.13600000000000001
707 0.13739999999999999
708 0.12559999999999999
709 0.11409999999999999
710 0.1132
711 0.1154
712 0.11550000000000001
713 0.10630000000000001
714 0.098599999999999993
715 0.1017
716 0.092899999999999996
717 0.093799999999999994
718 0.091200000000000003
719 0.091200000000000003
720 0.087099999999999997
721 0.085300000000000001
722 0.079299999999999995
723 0.084199999999999997
724 0.079799999999999996
725 0.078100000000000003
726 0.081799999999999998
727 0.077299999999999994
728 0.073300000000000004
729 0.076100000000000001
730 0.067400000000000002
731 0.067400000000000002
732 0.074700000000000003
733 0.067699999999999996
734 0.068500000000000005
735 0.067100000000000007
736 0.068699999999999997
737 0.065500000000000003
738 0.060600000000000001
739 0.058000000000000003
740 0.067500000000000004
741 0.058400000000000001
742 0.066000000000000003
743 0.059499999999999997
744 0.057700000000000001
745 0.059700000000000003
746 0.0654
747 0.060299999999999999
748 0.061800000000000001
749 0.062
750 0.063600000000000004
751 0.060400000000000002
752 0.064600000000000005
753 0.065299999999999997
754 0.061800000000000001
755 0.067100000000000007
756 0.064699999999999994
757 0.070300000000000001
758 0.060900000000000003
759 0.063200000000000006
760 0.067500000000000004
761 0.071400000000000005
762 0.066000000000000003
763 0.069400000000000003
764 0.066000000000000003
765 0.0688
766 0.066600000000000006
767 0.062100000000000002
768 0.0654
769 0.059200000000000003
770 0.0659
771 0.059700000000000003
772 0.062600000000000003
773 0.059799999999999999
774 0.058700000000000002
775 0.055800000000000002
776 0.057200000000000001
777 0.052499999999999998
778 0.056800000000000003
779 0.053400000000000003
780 0.051400000000000001
781 0.051999999999999998
782 0.046399999999999997
783 0.046300000000000001
784 0.044200000000000003
785 0.044600000000000001
786 0.046199999999999998
787 0.042000000000000003
788 0.046100000000000002
789 0.044999999999999998
790 0.041500000000000002
791 0.039800000000000002
792 0.041300000000000003
793 0.033799999999999997
794 0.038800000000000001
795 0.0356
796 0.035799999999999998
797 0.036200000000000003
798 0.032599999999999997
799 0.033300000000000003
800 0.034599999999999999
801 0.033300000000000003
802 0.033700000000000001
803 0.028400000000000002
804 0.0286
805 0.028799999999999999
806 0.026700000000000002
807 0.025999999999999999
808 0.027699999999999999
809 0.0269
810 0.0269
811 0.0276
812 0.025600000000000001
813 0.023699999999999999
814 0.025399999999999999
815 0.024899999999999999
816 0.0201
817 0.0224
818 0.023300000000000001
819 0.022800000000000001
820 0.021000000000000001
821 0.024400000000000002
822 0.021499999999999998
823 0.023099999999999999
824 0.019
825 0.019699999999999999
826 0.019
827 0.0178
828 0.017100000000000001
829 0.0189
830 0.0166
831 0.0178
832 0.0167
833 0.0143
834 0.017399999999999999
835 0.0161
836 0.016799999999999999
837 0.015900000000000001
838 0.015699999999999999
839 0.012999999999999999
840 0.014200000000000001
841 0.015599999999999999
842 0.012999999999999999
843 0.014999999999999999
844 0.010800000000000001
845 0.0138
846 0.0138
847 0.012999999999999999
848 0.0118
849 0.0118
850 0.0134
851 0.0115
852 0.0109
853 0.0124
854 0.0146
855 0.013899999999999999
856 0.011900000000000001
857 0.010699999999999999
858 0.0132
859 0.0115
860 0.0129
861 0.012
862 0.0114
863 0.0149
864 0.0126
865 0.013299999999999999
866 0.011599999999999999
867 0.013599999999999999
868 0.0117
869 0.0129
870 0.0103
871 0.0144
872 0.012800000000000001
873 0.012800000000000001
874 0.010999999999999999
875 0.0141
876 0.013100000000000001
877 0.011900000000000001
878 0.011299999999999999
879 0.0124
880 0.0123
881 0.0129
882 0.0112
883 0.0117
884 0.0111
885 0.0109
886 0.0104
887 0.0111
888 0.0086999999999999994
889 0.0124
890 0.0126
891 0.0111
892 0.011299999999999999
893 0.0118
894 0.0101
895 0.0115
896 0.012699999999999999
897 0.011299999999999999
898 0.0088000000000000005
899 0.0114
900 0.0076
901 0.01
902 0.0097999999999999997
903 0.0091000000000000004
904 0.010800000000000001
905 0.011599999999999999
906 0.0112
907 0.010699999999999999
908 0.0101
909 0.010699999999999999
910 0.0097000000000000003
911 0.0086
912 0.0104
913 0.0106
914 0.0101
915 0.010699999999999999
916 0.0114
917 0.0083999999999999995
918 0.011299999999999999
919 0.011299999999999999
920 0.0086
921 0.0101
922 0.0104
923 0.012500000000000001
924 0.0099000000000000008
925 0.010200000000000001
926 0.0103
927 0.0091999999999999998
928 0.0094999999999999998
929 0.0097000000000000003
930 0.0104
931 0.0088999999999999999
932 0.01
933 0.0101
934 0.010200000000000001
935 0.0089999999999999993
936 0.0085000000000000006
937 0.0092999999999999992
938 0.0085000000000000006
939 0.0099000000000000008
940 0.0097000000000000003
941 0.0083000000000000001
942 0.0080999999999999996
943 0.0101
944 0.0083999999999999995
945 0.0089999999999999993
946 0.0089999999999999993
947 0.01
948 0.0088999999999999999
949 0.0083000000000000001
950 0.0079000000000000008
951 0.0074999999999999997
952 0.0082000000000000007
953 0.0077999999999999996
954 0.0077000000000000002
955 0.0080999999999999996
956 0.0079000000000000008
957 0.0071000000000000004
958 0.0077999999999999996
959 0.0064000000000000003
960 0.0074000000000000003
961 0.0080000000000000002
962 0.0067000000000000002
963 0.0089999999999999993
964 0.0068999999999999999
965 0.0073000000000000001
966 0.0074999999999999997
967 0.0064000000000000003
968 0.0082000000000000007
969 0.0070000000000000001
970 0.0054999999999999997
971 0.0070000000000000001
972 0.0068999999999999999
973 0.0073000000000000001
974 0.0050000000000000001
975 0.0061999999999999998
976 0.0061999999999999998
977 0.0060000000000000001
978 0.0048999999999999998
979 0.0063
980 0.0064999999999999997
981 0.0061999999999999998
982 0.0054999999999999997
983 0.0067000000000000002
984 0.0060000000000000001
985 0.0076
986 0.0074000000000000003
987 0.0054999999999999997
988 0.0063
989 0.0054999999999999997
990 0.0073000000000000001
991 0.0057000000000000002
992 0.0057999999999999996
993 0.0066
994 0.0048999999999999998
995 0.0061999999999999998
996 0.0074999999999999997
997 0.0074000000000000003
998 0.0061999999999999998
999 0.0054000000000000003
1000 0.0071000000000000004
1001 0.0057999999999999996
1002 0.0038
1003 0.0047999999999999996
1004 0.0053
1005 0.0064999999999999997
1006 0.0055999999999999999
1007 0.0048999999999999998
1008 0.0045999999999999999
1009 0.0054999999999999997
1010 0.0054999999999999997
1011 0.0047000000000000002
1012 0.0048999999999999998
1013 0.0057000000000000002
1014 0.0070000000000000001
1015 0.0058999999999999999
1016 0.0050000000000000001
1017 0.0060000000000000001
1018 0.0054999999999999997
1019 0.0044000000000000003
1020 0.0057999999999999996
1021 0.0047000000000000002
1022 0.0043
1023 0.0047000000000000002
1024 0.0048999999999999998
1025 0.0061000000000000004
1026 0.0041000000000000003
1027 0.0064999999999999997
1028 0.0055999999999999999
1029 0.0044999999999999997
1030 0.0044999999999999997
1031 0.0063
1032 0.0058999999999999999
1033 0.0057000000000000002
1034 0.0048999999999999998
1035 0.0045999999999999999
1036 0.0054999999999999997
1037 0.0051999999999999998
1038 0.0063
1039 0.0068999999999999999
1040 0.0051999999999999998
1041 0.0050000000000000001
1042 0.0058999999999999999
1043 0.0051000000000000004
1044 0.0061999999999999998
1045 0.0064000000000000003
1046 0.0053
1047 0.0066
1048 0.0040000000000000001
1049 0.0061999999999999998
1050 0.0061999999999999998
1051 0.0073000000000000001
1052 0.0044000000000000003
1053 0.0061999999999999998
1054 0.0043
1055 0.0061999999999999998
1056 0.0054000000000000003
1057 0.0050000000000000001
1058 0.0057999999999999996
1059 0.0053
1060 0.0051999999999999998
1061 0.0051000000000000004
1062 0.0064000000000000003
1063 0.0066
1064 0.0057999999999999996
1065 0.0064000000000000003
1066 0.0055999999999999999
1067 0.0048999999999999998
1068 0.0054000000000000003
1069 0.0051000000000000004
1070 0.0060000000000000001
1071 0.0071000000000000004
1072 0.0061000000000000004
1073 0.0058999999999999999
1074 0.0050000000000000001
1075 0.0061000000000000004
1076 0.0047999999999999996
1077 0.0057999999999999996
1078 0.0064999999999999997
1079 0.0054000000000000003
1080 0.0053
1081 0.0050000000000000001
1082 0.0050000000000000001
1083 0.0051999999999999998
1084 0.0074999999999999997
1085 0.0051999999999999998
1086 0.0057999999999999996
1087 0.0047999999999999996
1088 0.0054999999999999997
1089 0.0061999999999999998
1090 0.0044999999999999997
1091 0.0047999999999999996
1092 0.0054000000000000003
1093 0.0074999999999999997
1094 0.0071000000000000004
1095 0.0060000000000000001
1096 0.0055999999999999999
1097 0.0057000000000000002
1098 0.0050000000000000001
1099 0.0047999999999999996
1100 0.0047999999999999996
1101 0.0051999999999999998
1102 0.0068999999999999999
1103 0.0048999999999999998
1104 0.0051999999999999998
1105 0.0053
1106 0.0055999999999999999
1107 0.0064999999999999997
1108 0.0048999999999999998
1109 0.0055999999999999999
1110 0.0047000000000000002
1111 0.0044999999999999997
1112 0.0047999999999999996
1113 0.0044000000000000003
1114 0.0057000000000000002
1115 0.0054999999999999997
1116 0.0061000000000000004
1117 0.0054000000000000003
1118 0.0051000000000000004
1119 0.0050000000000000001
1120 0.0055999999999999999
1121 0.0057999999999999996
1122 0.0051000000000000004
1123 0.0057000000000000002
1124 0.0041999999999999997
1125 0.0057999999999999996
1126 0.0038999999999999998
1127 0.0053
1128 0.0045999999999999999
1129 0.0045999999999999999
1130 0.0045999999999999999
1131 0.0047999999999999996
1132 0.0053
1133 0.0054000000000000003
1134 0.0054000000000000003
1135 0.0035999999999999999
1136 0.0045999999999999999
1137 0.0044999999999999997
1138 0.0053
1139 0.0047999999999999996
1140 0.0055999999999999999
1141 0.0041999999999999997
1142 0.0053
1143 0.0048999999999999998
1144 0.0045999999999999999
1145 0.0051000000000000004
1146 0.0060000000000000001
1147 0.0043
1148 0.0054000000000000003
1149 0.0045999999999999999
1150 0.0055999999999999999
1151 0.0058999999999999999
1152 0.0037000000000000002
1153 0.0048999999999999998
1154 0.0038
1155 0.0051000000000000004
1156 0.0045999999999999999
1157 0.0032000000000000002
1158 0.0038999999999999998
1159 0.0061999999999999998
1160 0.0051999999999999998
1161 0.0040000000000000001
1162 0.0045999999999999999
1163 0.0041999999999999997
1164 0.0045999999999999999
1165 0.0044000000000000003
1166 0.0051000000000000004
1167 0.0033
1168 0.0025999999999999999
1169 0.0053
1170 0.0041000000000000003
1171 0.0044000000000000003
1172 0.0044000000000000003
1173 0.0050000000000000001
1174 0.0044999999999999997
1175 0.0040000000000000001
1176 0.0041999999999999997
1177 0.0054999999999999997
1178 0.0057999999999999996
1179 0.0041000000000000003
1180 0.0047000000000000002
1181 0.0035000000000000001
1182 0.0038
1183 0.0040000000000000001
1184 0.0047000000000000002
1185 0.0038
1186 0.0038999999999999998
1187 0.0041000000000000003
1188 0.0044999999999999997
1189 0.0043
1190 0.0041999999999999997
1191 0.0050000000000000001
1192 0.0044000000000000003
1193 0.0047999999999999996
1194 0.0044000000000000003
1195 0.0053
1196 0.0041999999999999997
1197 0.0041999999999999997
1198 0.0044000000000000003
1199 0.0028999999999999998
1200 0.0033
1201 0.0047999999999999996
1202 0.0035999999999999999
1203 0.0041000000000000003
1204 0.0038
1205 0.0041000000000000003
1206 0.0035999999999999999
1207 0.0044999999999999997
1208 0.0033999999999999998
1209 0.0040000000000000001
1210 0.0033999999999999998
1211 0.0030000000000000001
1212 0.0033
1213 0.0035000000000000001
1214 0.0035000000000000001
1215 0.0043
1216 0.0033999999999999998
1217 0.0041000000000000003
1218 0.0055999999999999999
1219 0.0038
1220 0.0043
1221 0.0043
1222 0.0054000000000000003
1223 0.0035999999999999999
1224 0.0041000000000000003
1225 0.0050000000000000001
1226 0.0051999999999999998
1227 0.0044000000000000003
1228 0.0035000000000000001
1229 0.0040000000000000001
1230 0.0035999999999999999
1231 0.0043
1232 0.0038999999999999998
1233 0.0043
1234 0.0030000000000000001
1235 0.0037000000000000002
1236 0.0047000000000000002
1237 0.0041999999999999997
1238 0.0045999999999999999
1239 0.0038
1240 0.0038999999999999998
1241 0.0030999999999999999
1242 0.0044999999999999997
1243 0.0044000000000000003
1244 0.0035000000000000001
1245 0.0035000000000000001
1246 0.0033999999999999998
1247 0.0050000000000000001
1248 0.0043
1249 0.0037000000000000002
1250 0.0050000000000000001
1251 0.0044999999999999997
1252 0.0037000000000000002
1253 0.0040000000000000001
1254 0.0045999999999999999
1255 0.0047999999999999996
1256 0.0033
1257 0.0038999999999999998
1258 0.0051000000000000004
1259 0.0040000000000000001
1260 0.0053
1261 0.0047999999999999996
1262 0.0048999999999999998
1263 0.0045999999999999999
1264 0.0028
1265 0.0047000000000000002
1266 0.0048999999999999998
1267 0.0028999999999999998
1268 0.0040000000000000001
1269 0.0057000000000000002
1270 0.0041000000000000003
1271 0.0030000000000000001
1272 0.0037000000000000002
1273 0.0038999999999999998
1274 0.0040000000000000001
1275 0.0045999999999999999
1276 0.0048999999999999998
1277 0.0038
1278 0.0051999999999999998
1279 0.0045999999999999999
1280 0.0040000000000000001
1281 0.0048999999999999998
1282 0.0033
1283 0.0038
1284 0.0027000000000000001
1285 0.0032000000000000002
1286 0.0041000000000000003
1287 0.0044000000000000003
1288 0.0041000000000000003
1289 0.0035999999999999999
1290 0.0030000000000000001
1291 0.0033999999999999998
1292 0.0044000000000000003
1293 0.0051999999999999998
1294 0.0044999999999999997
1295 0.0040000000000000001
1296 0.0045999999999999999
1297 0.0040000000000000001
1298 0.0055999999999999999
1299 0.0041000000000000003
1300 0.0041000000000000003
1301 0.0047000000000000002
1302 0.0041000000000000003
1303 0.0038
1304 0.0044000000000000003
1305 0.0038999999999999998
1306 0.0044000000000000003
1307 0.0040000000000000001
1308 0.0043
1309 0.0047999999999999996
1310 0.0047999999999999996
1311 0.0047000000000000002
1312 0.0047000000000000002
1313 0.0045999999999999999
1314 0.0050000000000000001
1315 0.0035000000000000001
1316 0.0050000000000000001
1317 0.0044000000000000003
1318 0.0047000000000000002
1319 0.0040000000000000001
1320 0.0051000000000000004
1321 0.0050000000000000001
1322 0.0051000000000000004
1323 0.0051999999999999998
1324 0.0043
1325 0.0044000000000000003
1326 0.0044999999999999997
1327 0.0038999999999999998
1328 0.0044999999999999997
1329 0.0043
1330 0.0047000000000000002
1331 0.0041000000000000003
1332 0.0043
1333 0.0044000000000000003
1334 0.0045999999999999999
1335 0.0044000000000000003
1336 0.0038
1337 0.0040000000000000001
1338 0.0043
1339 0.0051000000000000004
1340 0.0044000000000000003
1341 0.0071000000000000004
1342 0.0051000000000000004
1343 0.0044999999999999997
1344 0.0057999999999999996
1345 0.0064999999999999997
1346 0.0053
1347 0.0057000000000000002
1348 0.0038
1349 0.0053
1350 0.0045999999999999999
1351 0.0057000000000000002
1352 0.0048999999999999998
1353 0.0054000000000000003
1354 0.0045999999999999999
1355 0.0044000000000000003
1356 0.0051000000000000004
1357 0.0040000000000000001
1358 0.0045999999999999999
1359 0.0047999999999999996
1360 0.0054999999999999997
1361 0.0061000000000000004
1362 0.0041999999999999997
1363 0.0041999999999999997
1364 0.0048999999999999998
1365 0.0038
1366 0.0051000000000000004
1367 0.0041999999999999997
1368 0.0044000000000000003
1369 0.0053
1370 0.0033
1371 0.0068999999999999999
1372 0.0044999999999999997
1373 0.0057000000000000002
1374 0.0051000000000000004
1375 0.0051000000000000004
1376 0.0051999999999999998
1377 0.0041999999999999997
1378 0.0053
1379 0.0047000000000000002
1380 0.0047000000000000002
1381 0.0054999999999999997
1382 0.0044999999999999997
1383 0.0054000000000000003
1384 0.0054999999999999997
1385 0.0051000000000000004
1386 0.0051999999999999998
1387 0.0061000000000000004
1388 0.0045999999999999999
1389 0.0040000000000000001
1390 0.0044999999999999997
1391 0.0047000000000000002
1392 0.0050000000000000001
1393 0.0054000000000000003
1394 0.0064000000000000003
1395 0.0054999999999999997
1396 0.0047000000000000002
1397 0.0054999999999999997
1398 0.0053
1399 0.0045999999999999999
1400 0.0047000000000000002
1401 0.0060000000000000001
1402 0.0055999999999999999
1403 0.0040000000000000001
1404 0.0044000000000000003
1405 0.0054999999999999997
1406 0.0045999999999999999
1407 0.0041999999999999997
1408 0.0055999999999999999
1409 0.0048999999999999998
1410 0.0060000000000000001
1411 0.0038999999999999998
1412 0.0057999999999999996
1413 0.0050000000000000001
1414 0.0054999999999999997
1415 0.0040000000000000001
1416 0.0033
1417 0.0057999999999999996
1418 0.0057999999999999996
1419 0.0044999999999999997
1420 0.0057000000000000002
1421 0.0041000000000000003
1422 0.0038999999999999998
1423 0.0047999999999999996
1424 0.0035999999999999999
1425 0.0040000000000000001
1426 0.0055999999999999999
1427 0.0035999999999999999
1428 0.0041999999999999997
1429 0.0054999999999999997
1430 0.0053
1431 0.0041000000000000003
1432 0.0040000000000000001
1433 0.0040000000000000001
1434 0.0032000000000000002
1435 0.0055999999999999999
1436 0.0041999999999999997
1437 0.0041999999999999997
1438 0.0051000000000000004
1439 0.0044000000000000003
1440 0.0045999999999999999
1441 0.0043
1442 0.0048999999999999998
1443 0.0048999999999999998
1444 0.0037000000000000002
1445 0.0035000000000000001
1446 0.0038999999999999998
1447 0.0043
1448 0.0047000000000000002
1449 0.0047999999999999996
1450 0.0041999999999999997
1451 0.0045999999999999999
1452 0.0035999999999999999
1453 0.0054000000000000003
1454 0.0041000000000000003
1455 0.0040000000000000001
1456 0.0041999999999999997
1457 0.0044000000000000003
1458 0.0041999999999999997
1459 0.0038999999999999998
1460 0.0047999999999999996
1461 0.0038
1462 0.0035999999999999999
1463 0.0041000000000000003
1464 0.0041999999999999997
1465 0.0045999999999999999
1466 0.0019
1467 0.0050000000000000001
1468 0.0033999999999999998
1469 0.0035999999999999999
1470 0.0047999999999999996
1471 0.0035000000000000001
1472 0.0038
1473 0.0033999999999999998
1474 0.0041000000000000003
1475 0.0030000000000000001
1476 0.0033
1477 0.0044000000000000003
1478 0.0041999999999999997
1479 0.0037000000000000002
1480 0.0038
1481 0.0038
1482 0.0037000000000000002
1483 0.0040000000000000001
1484 0.0040000000000000001
1485 0.0030000000000000001
1486 0.0047999999999999996
1487 0.0035000000000000001
1488 0.0037000000000000002
1489 0.0045999999999999999
1490 0.0025999999999999999
1491 0.0043
1492 0.0037000000000000002
1493 0.0037000000000000002
1494 0.0048999999999999998
1495 0.0030999999999999999
1496 0.0044000000000000003
1497 0.0033999999999999998
1498 0.0033
1499 0.0040000000000000001
1500 0.0038999999999999998
1501 0.0038
1502 0.0040000000000000001
1503 0.0044000000000000003
1504 0.0038999999999999998
1505 0.0033999999999999998
1506 0.0037000000000000002
1507 0.0033
1508 0.0028999999999999998
1509 0.0037000000000000002
1510 0.0038999999999999998
1511 0.0033999999999999998
1512 0.0037000000000000002
1513 0.0035000000000000001
1514 0.0032000000000000002
1515 0.0033999999999999998
1516 0.0038
1517 0.0043
1518 0.0020999999999999999
1519 0.0038
1520 0.0038999999999999998
1521 0.0043
1522 0.0033999999999999998
1523 0.0040000000000000001
1524 0.0041000000000000003
1525 0.0033999999999999998
1526 0.0025999999999999999
1527 0.0038
1528 0.0038
1529 0.0033999999999999998
1530 0.0038
1531 0.0033
1532 0.0032000000000000002
1533 0.0035000000000000001
1534 0.0043
1535 0.0041999999999999997
1536 0.0038
1537 0.0028999999999999998
1538 0.0025999999999999999
1539 0.0038999999999999998
1540 0.0044999999999999997
1541 0.0025999999999999999
1542 0.0038
1543 0.0038
1544 0.0033
1545 0.0051000000000000004
1546 0.0033999999999999998
1547 0.0038
1548 0.0033999999999999998
1549 0.0037000000000000002
1550 0.0035000000000000001
1551 0.0041999999999999997
1552 0.0035999999999999999
1553 0.0041000000000000003
1554 0.0043
1555 0.0027000000000000001
1556 0.0030999999999999999
1557 0.0038999999999999998
1558 0.0028999999999999998
1559 0.0027000000000000001
1560 0.0041000000000000003
1561 0.0037000000000000002
1562 0.0033
1563 0.0033999999999999998
1564 0.0033999999999999998
1565 0.0020999999999999999
1566 0.0032000000000000002
1567 0.0032000000000000002
1568 0.0028
1569 0.0033
1570 0.0047999999999999996
1571 0.0044999999999999997
1572 0.0035999999999999999
1573 0.0033
1574 0.0028
1575 0.0043
1576 0.0035999999999999999
1577 0.0035999999999999999
1578 0.0020999999999999999
1579 0.0043
1580 0.0028999999999999998
1581 0.0037000000000000002
1582 0.0038999999999999998
1583 0.0035000000000000001
1584 0.0030999999999999999
1585 0.0028999999999999998
1586 0.0033999999999999998
1587 0.0038999999999999998
1588 0.0028999999999999998
1589 0.0037000000000000002
1590 0.0033
1591 0.0025000000000000001
1592 0.0038999999999999998
1593 0.0035999999999999999
1594 0.0037000000000000002
1595 0.0030000000000000001
1596 0.0033999999999999998
1597 0.0035999999999999999
1598 0.0025999999999999999
1599 0.0040000000000000001
1600 0.0025999999999999999
1601 0.0030999999999999999
1602 0.0051999999999999998
1603 0.002
1604 0.0032000000000000002
1605 0.0035999999999999999
1606 0.0043
1607 0.0025999999999999999
1608 0.0032000000000000002
1609 0.0035999999999999999
1610 0.0038
1611 0.0038
1612 0.0030999999999999999
1613 0.0041000000000000003
1614 0.0035999999999999999
1615 0.0033
1616 0.0033999999999999998
1617 0.0025999999999999999
1618 0.0037000000000000002
1619 0.0037000000000000002
1620 0.0041000000000000003
1621 0.0048999999999999998
1622 0.0044999999999999997
1623 0.0035000000000000001
1624 0.0035999999999999999
1625 0.0035999999999999999
1626 0.0032000000000000002
1627 0.0051000000000000004
1628 0.0043
1629 0.0038
1630 0.0051000000000000004
1631 0.0041000000000000003
1632 0.0048999999999999998
1633 0.0037000000000000002
1634 0.0041999999999999997
1635 0.0035000000000000001
1636 0.0037000000000000002
1637 0.0038999999999999998
1638 0.0047999999999999996
1639 0.0044999999999999997
1640 0.0044000000000000003
1641 0.0038
1642 0.0041000000000000003
1643 0.0038
1644 0.0044000000000000003
1645 0.0035999999999999999
1646 0.0043
1647 0.0041999999999999997
1648 0.0044000000000000003
1649 0.0037000000000000002
1650 0.0030000000000000001
1651 0.0050000000000000001
1652 0.0035999999999999999
1653 0.0048999999999999998
1654 0.0051999999999999998
1655 0.0038
1656 0.0050000000000000001
1657 0.0028999999999999998
1658 0.0047000000000000002
1659 0.0050000000000000001
1660 0.0047999999999999996
1661 0.0054000000000000003
1662 0.0033999999999999998
1663 0.0048999999999999998
1664 0.0051999999999999998
1665 0.0038
1666 0.0045999999999999999
1667 0.0040000000000000001
1668 0.0041999999999999997
1669 0.0043
1670 0.0035999999999999999
1671 0.0038
1672 0.0035000000000000001
1673 0.0058999999999999999
1674 0.0045999999999999999
1675 0.0055999999999999999
1676 0.0047999999999999996
1677 0.0054999999999999997
1678 0.0044000000000000003
1679 0.0047999999999999996
1680 0.0035999999999999999
1681 0.0038999999999999998
1682 0.0033999999999999998
1683 0.0028999999999999998
1684 0.0060000000000000001
1685 0.0033999999999999998
1686 0.0043
1687 0.0043
1688 0.0035000000000000001
1689 0.0047000000000000002
1690 0.0038999999999999998
1691 0.0037000000000000002
1692 0.0040000000000000001
1693 0.0032000000000000002
1694 0.0044999999999999997
1695 0.0058999999999999999
1696 0.0050000000000000001
1697 0.0044999999999999997
1698 0.0045999999999999999
1699 0.0051999999999999998
1700 0.0044000000000000003
1701 0.0038999999999999998
1702 0.0040000000000000001
1703 0.0041000000000000003
1704 0.0038999999999999998
1705 0.0035999999999999999
1706 0.0043
1707 0.0033999999999999998
1708 0.0041000000000000003
1709 0.0038
1710 0.0045999999999999999
1711 0.0041999999999999997
1712 0.0044000000000000003
1713 0.0041999999999999997
1714 0.0043
1715 0.0041000000000000003
1716 0.0047000000000000002
1717 0.0038999999999999998
1718 0.0044999999999999997
1719 0.0044000000000000003
1720 0.0047999999999999996
1721 0.0044999999999999997
1722 0.0044999999999999997
1723 0.0054999999999999997
1724 0.0044999999999999997
1725 0.0033
1726 0.0047000000000000002
1727 0.0045999999999999999
1728 0.0044000000000000003
1729 0.0033
1730 0.0040000000000000001
1731 0.0033999999999999998
1732 0.0035000000000000001
1733 0.0035000000000000001
1734 0.0041000000000000003
1735 0.0038
1736 0.0048999999999999998
1737 0.0038999999999999998
1738 0.0041999999999999997
1739 0.0047999999999999996
1740 0.0044000000000000003
1741 0.0038
1742 0.0028999999999999998
1743 0.0030000000000000001
1744 0.0035999999999999999
1745 0.0038
1746 0.0041999999999999997
1747 0.0037000000000000002
1748 0.0038999999999999998
1749 0.0041999999999999997
1750 0.0033999999999999998
1751 0.0035999999999999999
1752 0.0035999999999999999
1753 0.0040000000000000001
1754 0.0040000000000000001
1755 0.0045999999999999999
1756 0.0033
1757 0.0030999999999999999
1758 0.0037000000000000002
1759 0.0041000000000000003
1760 0.0047999999999999996
1761 0.0030999999999999999
1762 0.0032000000000000002
1763 0.0043
1764 0.0048999999999999998
1765 0.0027000000000000001
1766 0.0023999999999999998
1767 0.0032000000000000002
1768 0.0035000000000000001
1769 0.0041999999999999997
1770 0.0037000000000000002
1771 0.0027000000000000001
1772 0.0022000000000000001
1773 0.0035999999999999999
1774 0.0038
1775 0.0041000000000000003
1776 0.0032000000000000002
1777 0.0041000000000000003
1778 0.0033999999999999998
1779 0.0035000000000000001
1780 0.0038999999999999998
1781 0.0033999999999999998
1782 0.0040000000000000001
1783 0.0035000000000000001
1784 0.0035000000000000001
1785 0.0037000000000000002
1786 0.0038
1787 0.0035999999999999999
1788 0.0030999999999999999
1789 0.0035999999999999999
1790 0.0038
1791 0.0035000000000000001
1792 0.0032000000000000002
1793 0.0038999999999999998
1794 0.0033
1795 0.0041999999999999997
1796 0.0033999999999999998
1797 0.0043
1798 0.0030999999999999999
1799 0.0040000000000000001
1800 0.0043
1801 0.0030000000000000001
1802 0.0051000000000000004
1803 0.0030000000000000001
1804 0.0037000000000000002
1805 0.0035999999999999999
1806 0.0043
1807 0.0035000000000000001
1808 0.0033999999999999998
1809 0.0044000000000000003
1810 0.0032000000000000002
1811 0.0035000000000000001
1812 0.0022000000000000001
1813 0.0057000000000000002
1814 0.0037000000000000002
1815 0.0032000000000000002
1816 0.0037000000000000002
1817 0.0043
1818 0.0030000000000000001
1819 0.0035000000000000001
1820 0.0033999999999999998
1821 0.0035999999999999999
1822 0.0037000000000000002
1823 0.0047000000000000002
1824 0.0035000000000000001
1825 0.0033999999999999998
1826 0.0041999999999999997
1827 0.0044000000000000003
1828 0.0043
1829 0.0033999999999999998
1830 0.0033999999999999998
1831 0.0047999999999999996
1832 0.0025000000000000001
1833 0.0023
1834 0.0033999999999999998
1835 0.0035999999999999999
1836 0.0045999999999999999
1837 0.0028999999999999998
1838 0.0033
1839 0.0033
1840 0.0037000000000000002
1841 0.0032000000000000002
1842 0.0041000000000000003
1843 0.0045999999999999999
1844 0.0038
1845 0.0035999999999999999
1846 0.0045999999999999999
1847 0.0041999999999999997
1848 0.0035999999999999999
1849 0.0038
1850 0.0028999999999999998
1851 0.0033
1852 0.0040000000000000001
1853 0.0041999999999999997
1854 0.0033
1855 0.0028999999999999998
1856 0.0043
1857 0.0040000000000000001
1858 0.0038999999999999998
1859 0.0033
1860 0.0041999999999999997
1861 0.0035000000000000001
1862 0.0047999999999999996
1863 0.0038999999999999998
1864 0.0035000000000000001
1865 0.0038999999999999998
1866 0.0050000000000000001
1867 0.0043
1868 0.0050000000000000001
1869 0.0040000000000000001
1870 0.0044999999999999997
1871 0.0038
1872 0.0044999999999999997
1873 0.0035000000000000001
1874 0.0030999999999999999
1875 0.0040000000000000001
1876 0.0035000000000000001
1877 0.0041999999999999997
1878 0.0047000000000000002
1879 0.0035999999999999999
1880 0.0038999999999999998
1881 0.0038999999999999998
1882 0.0030000000000000001
1883 0.0041999999999999997
1884 0.0037000000000000002
1885 0.0028
1886 0.0025000000000000001
1887 0.0038
1888 0.0044000000000000003
1889 0.0041999999999999997
1890 0.0044999999999999997
1891 0.0051000000000000004
1892 0.0040000000000000001
1893 0.0035000000000000001
1894 0.0033
1895 0.0045999999999999999
1896 0.0040000000000000001
1897 0.0038
1898 0.0040000000000000001
1899 0.0033999999999999998
1900 0.0045999999999999999
1901 0.0044000000000000003
1902 0.0030999999999999999
1903 0.0038999999999999998
1904 0.0047000000000000002
1905 0.0038999999999999998
1906 0.0051000000000000004
1907 0.0023
1908 0.0047000000000000002
1909 0.0041000000000000003
1910 0.0035999999999999999
1911 0.0041000000000000003
1912 0.0038999999999999998
1913 0.0035999999999999999
1914 0.0040000000000000001
1915 0.0040000000000000001
1916 0.0032000000000000002
1917 0.0040000000000000001
1918 0.0040000000000000001
1919 0.0045999999999999999
1920 0.0032000000000000002
1921 0.0037000000000000002
1922 0.0035999999999999999
1923 0.0033999999999999998
1924 0.0038
1925 0.0040000000000000001
1926 0.0038
1927 0.0044999999999999997
1928 0.0028
1929 0.0033
1930 0.0040000000000000001
1931 0.0047999999999999996
1932 0.0051999999999999998
1933 0.0025999999999999999
1934 0.0037000000000000002
1935 0.0033999999999999998
1936 0.0048999999999999998
1937 0.0038999999999999998
1938 0.0040000000000000001
1939 0.0027000000000000001
1940 0.0044000000000000003
1941 0.0032000000000000002
1942 0.0032000000000000002
1943 0.0044999999999999997
1944 0.0037000000000000002
1945 0.0033
1946 0.0038
1947 0.0033999999999999998
1948 0.0041000000000000003
1949 0.0033999999999999998
1950 0.0044999999999999997
1951 0.0040000000000000001
1952 0.0051000000000000004
1953 0.0038
1954 0.0038
1955 0.0033
1956 0.0035999999999999999
1957 0.0037000000000000002
1958 0.0037000000000000002
1959 0.0030000000000000001
1960 0.0044999999999999997
1961 0.0033
1962 0.0035999999999999999
1963 0.0035999999999999999
1964 0.0044999999999999997
1965 0.0044000000000000003
1966 0.0038
1967 0.0044999999999999997
1968 0.0025999999999999999
1969 0.0050000000000000001
1970 0.0041000000000000003
1971 0.0030999999999999999
1972 0.0038
1973 0.0044999999999999997
1974 0.0044999999999999997
1975 0.0037000000000000002
1976 0.0038
1977 0.0044999999999999997
1978 0.0035000000000000001
1979 0.0030000000000000001
1980 0.0038
1981 0.0037000000000000002
1982 0.0032000000000000002
1983 0.0032000000000000002
1984 0.0035999999999999999
1985 0.0040000000000000001
1986 0.0030999999999999999
1987 0.0040000000000000001
1988 0.0041000000000000003
1989 0.0035000000000000001
1990 0.0035000000000000001
1991 0.0037000000000000002
1992 0.0028
1993 0.0041999999999999997
1994 0.0032000000000000002
1995 0.0041000000000000003
1996 0.0051000000000000004
1997 0.0035999999999999999
1998 0.0025999999999999999
1999 0.0040000000000000001
2000 0.0050000000000000001
2001 0.0050000000000000001
2002 0.0051999999999999998
2003 0.0053
2004 0.0028
2005 0.0033999999999999998
2006 0.0037000000000000002
2007 0.0037000000000000002
2008 0.0041999999999999997
2009 0.0043
2010 0.0028999999999999998
2011 0.0051000000000000004
2012 0.0051999999999999998
2013 0.0035000000000000001
2014 0.0041999999999999997
2015 0.0038999999999999998
2016 0.0038
2017 0.0043
2018 0.0041999999999999997
2019 0.0037000000000000002
2020 0.0025999999999999999
2021 0.0035999999999999999
2022 0.0041000000000000003
2023 0.0045999999999999999
2024 0.0030000000000000001
2025 0.0044000000000000003
2026 0.0030000000000000001
2027 0.0038
2028 0.0047999999999999996
2029 0.0041000000000000003
2030 0.0044999999999999997
2031 0.0037000000000000002
2032 0.0041999999999999997
2033 0.0033
2034 0.0033999999999999998
2035 0.0037000000000000002
2036 0.0030999999999999999
2037 0.0041999999999999997
2038 0.0033999999999999998
2039 0.0023999999999999998
2040 0.0028
2041 0.0045999999999999999
2042 0.0044999999999999997
2043 0.0037000000000000002
2044 0.0041999999999999997
2045 0.0030999999999999999
2046 0.0033
2047 0.0028999999999999998
2048 0.0035999999999999999
2049 0.0035000000000000001
2050 0.0043
2051 0.0038
2052 0.0030999999999999999
2053 0.0041999999999999997
2054 0.0025999999999999999
2055 0.0030999999999999999
2056 0.0041999999999999997
2057 0.0044999999999999997
2058 0.0037000000000000002
2059 0.0041000000000000003
2060 0.0030000000000000001
2061 0.0043
2062 0.0035000000000000001
2063 0.0040000000000000001
2064 0.0033999999999999998
2065 0.0035999999999999999
2066 0.0038
2067 0.0035999999999999999
2068 0.0041000000000000003
2069 0.0035000000000000001
2070 0.0038999999999999998
2071 0.0040000000000000001
2072 0.0033
2073 0.0041999999999999997
2074 0.0045999999999999999
2075 0.0035999999999999999
2076 0.0041000000000000003
2077 0.0033
2078 0.0035000000000000001
2079 0.0033
2080 0.0044999999999999997
2081 0.0040000000000000001
2082 0.0030000000000000001
2083 0.0041999999999999997
2084 0.0044000000000000003
2085 0.0035999999999999999
2086 0.0035000000000000001
2087 0.0030999999999999999
2088 0.0037000000000000002
2089 0.0035000000000000001
2090 0.0030999999999999999
2091 0.0035999999999999999
2092 0.0030999999999999999
2093 0.0044999999999999997
2094 0.0037000000000000002
2095 0.0038999999999999998
2096 0.0045999999999999999
2097 0.0032000000000000002
2098 0.0030999999999999999
2099 0.0035000000000000001
2100 0.0047999999999999996
2101 0.0041000000000000003
2102 0.0028999999999999998
2103 0.0047000000000000002
2104 0.0038
2105 0.0041999999999999997
2106 0.0038
2107 0.0028999999999999998
2108 0.0057000000000000002
2109 0.0048999999999999998
2110 0.0044999999999999997
2111 0.0033
2112 0.0038999999999999998
2113 0.0038
2114 0.0047000000000000002
2115 0.0050000000000000001
2116 0.0038
2117 0.0030999999999999999
2118 0.0054000000000000003
2119 0.0037000000000000002
2120 0.0040000000000000001
2121 0.0047000000000000002
2122 0.0028999999999999998
2123 0.0038
2124 0.0047999999999999996
2125 0.0037000000000000002
2126 0.0045999999999999999
2127 0.0043
2128 0.0023999999999999998
2129 0.0033999999999999998
2130 0.0040000000000000001
2131 0.0045999999999999999
2132 0.0044999999999999997
2133 0.0045999999999999999
2134 0.0041000000000000003
2135 0.0038999999999999998
2136 0.0041000000000000003
2137 0.0028
2138 0.0037000000000000002
2139 0.0038
2140 0.0044000000000000003
2141 0.0035999999999999999
2142 0.0044000000000000003
2143 0.0035000000000000001
2144 0.0037000000000000002
2145 0.0041999999999999997
2146 0.0047999999999999996
2147 0.0035999999999999999
2148 0.0044000000000000003
2149 0.0028
2150 0.0038999999999999998
2151 0.0033
2152 0.0045999999999999999
2153 0.0041999999999999997
2154 0.0035000000000000001
2155 0.0037000000000000002
2156 0.0044999999999999997
2157 0.0028
2158 0.0030000000000000001
2159 0.0047000000000000002
2160 0.0041999999999999997
2161 0.0033999999999999998
2162 0.0047000000000000002
2163 0.0037000000000000002
2164 0.0043
2165 0.0044999999999999997
2166 0.0041999999999999997
2167 0.0038
2168 0.0033999999999999998
2169 0.0033
2170 0.0040000000000000001
2171 0.0047000000000000002
2172 0.0038999999999999998
2173 0.0037000000000000002
2174 0.0035999999999999999
2175 0.0050000000000000001
2176 0.0044000000000000003
2177 0.0038999999999999998
2178 0.0048999999999999998
2179 0.0033
2180 0.0037000000000000002
2181 0.0048999999999999998
2182 0.0045999999999999999
2183 0.0035000000000000001
2184 0.0043
2185 0.0028999999999999998
2186 0.0030999999999999999
2187 0.0038
2188 0.0033999999999999998
2189 0.0035000000000000001
2190 0.0043
2191 0.0032000000000000002
2192 0.0044000000000000003
2193 0.0041000000000000003
2194 0.0047000000000000002
2195 0.0035999999999999999
2196 0.0038
2197 0.0038999999999999998
2198 0.0048999999999999998
2199 0.0037000000000000002
2200 0.0035999999999999999
2201 0.0044999999999999997
2202 0.0037000000000000002
2203 0.0043
2204 0.0044000000000000003
2205 0.0038
2206 0.0035999999999999999
2207 0.0023999999999999998
2208 0.0037000000000000002
2209 0.0044000000000000003
2210 0.0038
2211 0.0041999999999999997
2212 0.0051000000000000004
2213 0.0035999999999999999
2214 0.0041000000000000003
2215 0.0044999999999999997
2216 0.0038
2217 0.0041999999999999997
2218 0.0041000000000000003
2219 0.0035000000000000001
2220 0.0033
2221 0.0047000000000000002
2222 0.0045999999999999999
2223 0.0033
2224 0.0038999999999999998
2225 0.0038999999999999998
2226 0.0041999999999999997
2227 0.0038
2228 0.0033
2229 0.0022000000000000001
2230 0.0040000000000000001
2231 0.0051000000000000004
2232 0.0041000000000000003
2233 0.0040000000000000001
2234 0.0035999999999999999
2235 0.0047000000000000002
2236 0.0035999999999999999
2237 0.0047000000000000002
2238 0.0038
2239 0.0033
2240 0.0043
2241 0.0041999999999999997
2242 0.0030999999999999999
2243 0.0044000000000000003
2244 0.0040000000000000001
2245 0.0032000000000000002
2246 0.0028
2247 0.0041999999999999997
2248 0.0033
2249 0.0038999999999999998
2250 0.0047999999999999996
2251 0.0041999999999999997
2252 0.0047000000000000002
2253 0.0038999999999999998
2254 0.0048999999999999998
2255 0.0053
2256 0.0028
2257 0.0035000000000000001
2258 0.0044000000000000003
2259 0.0041000000000000003
2260 0.0033999999999999998
2261 0.0038
2262 0.0045999999999999999
2263 0.0041000000000000003
2264 0.0044999999999999997
2265 0.0041000000000000003
2266 0.0041999999999999997
2267 0.0035000000000000001
2268 0.0041000000000000003
2269 0.0051000000000000004
2270 0.0033
2271 0.0041000000000000003
2272 0.0038999999999999998
2273 0.0048999999999999998
2274 0.0032000000000000002
2275 0.0043
2276 0.0043
2277 0.0054999999999999997
2278 0.0045999999999999999
2279 0.0053
2280 0.0035999999999999999
2281 0.0048999999999999998
2282 0.0043
2283 0.0048999999999999998
2284 0.0038
2285 0.0044999999999999997
2286 0.0032000000000000002
2287 0.0043
2288 0.0038999999999999998
2289 0.0044999999999999997
2290 0.0051000000000000004
2291 0.0050000000000000001
2292 0.0028999999999999998
2293 0.0047000000000000002
2294 0.0047000000000000002
2295 0.0040000000000000001
2296 0.0048999999999999998
2297 0.0041999999999999997
2298 0.0040000000000000001
2299 0.0054999999999999997
2300 0.0063
2301 0.0045999999999999999
2302 0.0047000000000000002
2303 0.0038999999999999998
2304 0.0038
2305 0.0037000000000000002
2306 0.0038999999999999998
2307 0.0038
2308 0.0041000000000000003
2309 0.0047000000000000002
2310 0.0044000000000000003
2311 0.0043
2312 0.0051000000000000004
2313 0.0043
2314 0.0045999999999999999
2315 0.0040000000000000001
2316 0.0037000000000000002
2317 0.0035000000000000001
2318 0.0050000000000000001
2319 0.0044000000000000003
2320 0.0041000000000000003
2321 0.0030000000000000001
2322 0.0040000000000000001
2323 0.0047999999999999996
2324 0.0045999999999999999
2325 0.0038999999999999998
2326 0.0051999999999999998
2327 0.0041000000000000003
2328 0.0045999999999999999
2329 0.0045999999999999999
2330 0.0043
2331 0.0033999999999999998
2332 0.0040000000000000001
2333 0.0041999999999999997
2334 0.0051000000000000004
2335 0.0063
2336 0.0035999999999999999
2337 0.0045999999999999999
2338 0.0030999999999999999
2339 0.0061999999999999998
2340 0.0047000000000000002
2341 0.0047999999999999996
2342 0.0038
2343 0.0047000000000000002
2344 0.0035999999999999999
2345 0.0038999999999999998
2346 0.0044999999999999997
2347 0.0041000000000000003
2348 0.0043
2349 0.0050000000000000001
2350 0.0041999999999999997
2351 0.0053
2352 0.0045999999999999999
2353 0.0051000000000000004
2354 0.0053
2355 0.0045999999999999999
2356 0.0045999999999999999
2357 0.0047999999999999996
2358 0.0044999999999999997
2359 0.0047999999999999996
2360 0.0040000000000000001
2361 0.0066
2362 0.0050000000000000001
2363 0.0043
2364 0.0054999999999999997
2365 0.0047000000000000002
2366 0.0054000000000000003
2367 0.0048999999999999998
2368 0.0035999999999999999
2369 0.0035999999999999999
2370 0.0040000000000000001
2371 0.0050000000000000001
2372 0.0041000000000000003
2373 0.0041999999999999997
2374 0.0047000000000000002
2375 0.0044000000000000003
2376 0.0041000000000000003
2377 0.0041000000000000003
2378 0.0038999999999999998
2379 0.0033999999999999998
2380 0.0037000000000000002
2381 0.0047999999999999996
2382 0.0043
2383 0.0041000000000000003
2384 0.0055999999999999999
2385 0.0040000000000000001
2386 0.0060000000000000001
2387 0.0035000000000000001
2388 0.0041000000000000003
2389 0.0047999999999999996
2390 0.0047999999999999996
2391 0.0041999999999999997
2392 0.0054000000000000003
2393 0.0051999999999999998
2394 0.0061999999999999998
2395 0.0057000000000000002
2396 0.0038999999999999998
2397 0.0038999999999999998
2398 0.0054000000000000003
2399 0.0044000000000000003
2400 0.0040000000000000001
2401 0.0045999999999999999
2402 0.0054999999999999997
2403 0.0043
2404 0.0047000000000000002
2405 0.0053
2406 0.0041999999999999997
2407 0.0044999999999999997
2408 0.0053
2409 0.0043
2410 0.0048999999999999998
2411 0.0061999999999999998
2412 0.0041999999999999997
2413 0.0040000000000000001
2414 0.0047999999999999996
2415 0.0051000000000000004
2416 0.0057000000000000002
2417 0.0030000000000000001
2418 0.0064999999999999997
2419 0.0040000000000000001
2420 0.0047000000000000002
2421 0.0054000000000000003
2422 0.0050000000000000001
2423 0.0057000000000000002
2424 0.0044000000000000003
2425 0.0057000000000000002
2426 0.0054000000000000003
2427 0.0048999999999999998
2428 0.0040000000000000001
2429 0.0035000000000000001
2430 0.0061999999999999998
2431 0.0054000000000000003
2432 0.0051000000000000004
2433 0.0054999999999999997
2434 0.0044000000000000003
2435 0.0051000000000000004
2436 0.0054999999999999997
2437 0.0045999999999999999
2438 0.0055999999999999999
2439 0.0037000000000000002
2440 0.0054999999999999997
2441 0.0054999999999999997
2442 0.0048999999999999998
2443 0.0054000000000000003
2444 0.0055999999999999999
2445 0.0057999999999999996
2446 0.0057000000000000002
2447 0.0047000000000000002
2448 0.0050000000000000001
2449 0.0047999999999999996
2450 0.0061000000000000004
2451 0.0043
2452 0.0061999999999999998
2453 0.0043
2454 0.0038
2455 0.0048999999999999998
2456 0.0043
2457 0.0057000000000000002
2458 0.0054000000000000003
2459 0.0047000000000000002
2460 0.0054999999999999997
2461 0.0044999999999999997
2462 0.0044000000000000003
2463 0.0047999999999999996
2464 0.0045999999999999999
2465 0.0038
2466 0.0048999999999999998
2467 0.0053
2468 0.0055999999999999999
2469 0.0047000000000000002
2470 0.0047000000000000002
2471 0.0053
2472 0.0047999999999999996
2473 0.0057000000000000002
2474 0.0050000000000000001
2475 0.0061000000000000004
2476 0.0038999999999999998
2477 0.0057000000000000002
2478 0.0051000000000000004
2479 0.0051999999999999998
2480 0.0053
2481 0.0051000000000000004
2482 0.0054000000000000003
2483 0.0043
2484 0.0063
2485 0.0053
2486 0.0050000000000000001
2487 0.0054000000000000003
2488 0.0054000000000000003
2489 0.0064000000000000003
2490 0.0057000000000000002
2491 0.0051999999999999998
2492 0.0051999999999999998
2493 0.0051999999999999998
2494 0.0055999999999999999
2495 0.0055999999999999999
2496 0.0045999999999999999
2497 0.0043
2498 0.0047999999999999996
2499 0.0051000000000000004
2500 0.0053
2501 0.0054000000000000003
2502 0.0043
2503 0.0047000000000000002
2504 0.0054000000000000003
2505 0.0051000000000000004
2506 0.0051000000000000004
2507 0.0048999999999999998
2508 0.0053
2509 0.0058999999999999999
2510 0.0054000000000000003
2511 0.0060000000000000001
2512 0.0050000000000000001
2513 0.0047000000000000002
2514 0.0051000000000000004
2515 0.0038999999999999998
2516 0.0058999999999999999
2517 0.0051999999999999998
2518 0.0044999999999999997
2519 0.0047999999999999996
2520 0.0050000000000000001
2521 0.0053
2522 0.0045999999999999999
2523 0.0043
2524 0.0043
2525 0.0055999999999999999
2526 0.0054999999999999997
2527 0.0060000000000000001
2528 0.0054999999999999997
2529 0.0051999999999999998
2530 0.0064000000000000003
2531 0.0061000000000000004
2532 0.0037000000000000002
2533 0.0044000000000000003
2534 0.0064999999999999997
2535 0.0051000000000000004
2536 0.0057999999999999996
2537 0.0055999999999999999
2538 0.0057000000000000002
2539 0.0061000000000000004
2540 0.0055999999999999999
2541 0.0043
2542 0.0058999999999999999
2543 0.0054000000000000003
2544 0.0035999999999999999
2545 0.0041999999999999997
2546 0.0043
2547 0.0047999999999999996
2548 0.0044000000000000003
2549 0.0038
2550 0.0071000000000000004
2551 0.0051999999999999998
2552 0.0048999999999999998
2553 0.0047999999999999996
2554 0.0053
2555 0.0058999999999999999
2556 0.0057999999999999996
2557 0.0054000000000000003
2558 0.0064000000000000003
2559 0.0050000000000000001
2560 0.0038
2561 0.0054000000000000003
2562 0.0051000000000000004
2563 0.0044000000000000003
2564 0.0068999999999999999
2565 0.0054000000000000003
2566 0.0047000000000000002
2567 0.0051000000000000004
2568 0.0055999999999999999
2569 0.0041000000000000003
2570 0.0047999999999999996
2571 0.0041999999999999997
2572 0.0044999999999999997
2573 0.0067000000000000002
2574 0.0044999999999999997
2575 0.0044000000000000003
2576 0.0047000000000000002
2577 0.0043
2578 0.0053
2579 0.0051999999999999998
2580 0.0067999999999999996
2581 0.0057000000000000002
2582 0.0057999999999999996
2583 0.0045999999999999999
2584 0.0053
2585 0.0044000000000000003
2586 0.0055999999999999999
2587 0.0064999999999999997
2588 0.0045999999999999999
2589 0.0063
2590 0.0053
2591 0.0043
2592 0.0051000000000000004
2593 0.0050000000000000001
2594 0.0060000000000000001
2595 0.0051000000000000004
2596 0.0051000000000000004
2597 0.0041000000000000003
2598 0.0045999999999999999
2599 0.0047999999999999996
2600 0.0044000000000000003
2601 0.0047000000000000002
2602 0.0061999999999999998
2603 0.0057000000000000002
2604 0.0048999999999999998
2605 0.0057999999999999996
2606 0.0044999999999999997
2607 0.0064999999999999997
2608 0.0050000000000000001
2609 0.0061999999999999998
2610 0.0054999999999999997
2611 0.0038999999999999998
2612 0.0051999999999999998
2613 0.0051999999999999998
2614 0.0044000000000000003
2615 0.0050000000000000001
2616 0.0054999999999999997
2617 0.0050000000000000001
2618 0.0058999999999999999
2619 0.0057999999999999996
2620 0.0051999999999999998
2621 0.0054000000000000003
2622 0.0045999999999999999
2623 0.0044999999999999997
2624 0.0064999999999999997
2625 0.0044000000000000003
2626 0.0053
2627 0.0053
2628 0.0045999999999999999
2629 0.0037000000000000002
2630 0.0048999999999999998
2631 0.0064000000000000003
2632 0.0058999999999999999
2633 0.0040000000000000001
2634 0.0054999999999999997
2635 0.0058999999999999999
2636 0.0058999999999999999
2637 0.0066
2638 0.0041999999999999997
2639 0.0054999999999999997
2640 0.0054000000000000003
2641 0.0047000000000000002
2642 0.0064999999999999997
2643 0.0051999999999999998
2644 0.0051000000000000004
2645 0.0061000000000000004
2646 0.0063
2647 0.0057999999999999996
2648 0.0054000000000000003
2649 0.0058999999999999999
2650 0.0057999999999999996
2651 0.0055999999999999999
2652 0.0043
2653 0.0061999999999999998
2654 0.0067999999999999996
2655 0.0047999999999999996
2656 0.0047000000000000002
2657 0.0051000000000000004
2658 0.0035000000000000001
2659 0.0047999999999999996
2660 0.0044999999999999997
2661 0.0051999999999999998
2662 0.0053
2663 0.0054999999999999997
2664 0.0041999999999999997
2665 0.0054999999999999997
2666 0.0066
2667 0.0043
2668 0.0063
2669 0.0048999999999999998
2670 0.0047000000000000002
2671 0.0051999999999999998
2672 0.0054999999999999997
2673 0.0051999999999999998
2674 0.0057999999999999996
2675 0.0061999999999999998
2676 0.0051999999999999998
2677 0.0040000000000000001
2678 0.0057000000000000002
2679 0.0051000000000000004
2680 0.0074999999999999997
2681 0.0048999999999999998
2682 0.0058999999999999999
2683 0.0051000000000000004
2684 0.0057000000000000002
2685 0.0076
2686 0.0047999999999999996
2687 0.0060000000000000001
2688 0.0057999999999999996
2689 0.0053
2690 0.0044999999999999997
2691 0.0053
2692 0.0053
2693 0.0041000000000000003
2694 0.0057999999999999996
2695 0.0044999999999999997
2696 0.0045999999999999999
2697 0.0061000000000000004
2698 0.0061000000000000004
2699 0.0051000000000000004
2700 0.0048999999999999998
2701 0.0044999999999999997
2702 0.0054999999999999997
2703 0.0058999999999999999
2704 0.0064000000000000003
2705 0.0063
2706 0.0053
2707 0.0054000000000000003
2708 0.0066
2709 0.0074000000000000003
2710 0.0055999999999999999
2711 0.0077000000000000002
2712 0.0054999999999999997
2713 0.0048999999999999998
2714 0.0063
2715 0.0061999999999999998
2716 0.0061000000000000004
2717 0.0038
2718 0.0064000000000000003
2719 0.0045999999999999999
2720 0.0054000000000000003
2721 0.0074999999999999997
2722 0.0045999999999999999
2723 0.0058999999999999999
2724 0.0050000000000000001
2725 0.0058999999999999999
2726 0.0044999999999999997
2727 0.0061999999999999998
2728 0.0061999999999999998
2729 0.0057999999999999996
2730 0.0043
2731 0.0064999999999999997
2732 0.0055999999999999999
2733 0.0061999999999999998
2734 0.0051000000000000004
2735 0.0061000000000000004
2736 0.0053
2737 0.0064000000000000003
2738 0.0057000000000000002
2739 0.0063
2740 0.0060000000000000001
2741 0.0050000000000000001
2742 0.0057999999999999996
2743 0.0057999999999999996
2744 0.0051000000000000004
2745 0.0058999999999999999
2746 0.0058999999999999999
2747 0.0047999999999999996
2748 0.0055999999999999999
2749 0.0064000000000000003
2750 0.0040000000000000001
2751 0.0067000000000000002
2752 0.0060000000000000001
2753 0.0060000000000000001
2754 0.0051999999999999998
2755 0.0058999999999999999
2756 0.0043
2757 0.0057000000000000002
2758 0.0053
2759 0.0057000000000000002
2760 0.0048999999999999998
2761 0.0063
2762 0.0047999999999999996
2763 0.0074000000000000003
2764 0.0053
2765 0.0047000000000000002
2766 0.0066
2767 0.0061000000000000004
2768 0.0067000000000000002
2769 0.0073000000000000001
2770 0.0051999999999999998
2771 0.0043
2772 0.0057000000000000002
2773 0.0053
2774 0.0064999999999999997
2775 0.0074999999999999997
2776 0.0063
2777 0.0063
2778 0.0054999999999999997
2779 0.0060000000000000001
2780 0.0060000000000000001
2781 0.0057000000000000002
2782 0.0051000000000000004
2783 0.0067000000000000002
2784 0.0043
2785 0.0063
2786 0.0076
2787 0.0058999999999999999
2788 0.0051000000000000004
2789 0.0057999999999999996
2790 0.0048999999999999998
2791 0.0067000000000000002
2792 0.0057999999999999996
2793 0.0055999999999999999
2794 0.0057999999999999996
2795 0.0051999999999999998
2796 0.0057000000000000002
2797 0.0063
2798 0.0086999999999999994
2799 0.0057999999999999996
2800 0.0066
2801 0.0045999999999999999
2802 0.0064999999999999997
2803 0.0054000000000000003
2804 0.0058999999999999999
2805 0.0057000000000000002
2806 0.0071000000000000004
2807 0.0066
2808 0.0055999999999999999
2809 0.0064999999999999997
2810 0.0055999999999999999
2811 0.0060000000000000001
2812 0.0063
2813 0.0058999999999999999
2814 0.0058999999999999999
2815 0.0058999999999999999
2816 0.0051999999999999998
2817 0.0054999999999999997
2818 0.0061999999999999998
2819 0.0067999999999999996
2820 0.0061000000000000004
2821 0.0057000000000000002
2822 0.0064000000000000003
2823 0.0061000000000000004
2824 0.0054999999999999997
2825 0.0061999999999999998
2826 0.0058999999999999999
2827 0.0048999999999999998
2828 0.0058999999999999999
2829 0.0057999999999999996
2830 0.0053
2831 0.0058999999999999999
2832 0.0054999999999999997
2833 0.0077000000000000002
2834 0.0077000000000000002
2835 0.0057999999999999996
2836 0.0067000000000000002
2837 0.0060000000000000001
2838 0.0058999999999999999
2839 0.0061000000000000004
2840 0.0055999999999999999
2841 0.0047000000000000002
2842 0.0044999999999999997
2843 0.0067999999999999996
2844 0.0077000000000000002
2845 0.0058999999999999999
2846 0.0076
2847 0.0058999999999999999
2848 0.0067999999999999996
2849 0.0047000000000000002
2850 0.0053
2851 0.0048999999999999998
2852 0.0067000000000000002
2853 0.0047000000000000002
2854 0.0038999999999999998
2855 0.0060000000000000001
2856 0.0057999999999999996
2857 0.0066
2858 0.0058999999999999999
2859 0.0064999999999999997
2860 0.0054000000000000003
2861 0.0061999999999999998
2862 0.0054999999999999997
2863 0.0067000000000000002
2864 0.0054999999999999997
2865 0.0047999999999999996
2866 0.0073000000000000001
2867 0.0067999999999999996
2868 0.0051000000000000004
2869 0.0064000000000000003
2870 0.0054999999999999997
2871 0.0061999999999999998
2872 0.0051000000000000004
2873 0.0064000000000000003
2874 0.0071000000000000004
2875 0.0061000000000000004
2876 0.0067999999999999996
2877 0.0067000000000000002
2878 0.0051999999999999998
2879 0.0063
2880 0.0071999999999999998
2881 0.0061000000000000004
2882 0.0063
2883 0.0068999999999999999
2884 0.0058999999999999999
2885 0.0063
2886 0.0064000000000000003
2887 0.0064000000000000003
2888 0.0053
2889 0.0070000000000000001
2890 0.0077999999999999996
2891 0.0066
2892 0.0043
2893 0.0055999999999999999
2894 0.0064000000000000003
2895 0.0057999999999999996
2896 0.0053
2897 0.0070000000000000001
2898 0.0050000000000000001
2899 0.0063
2900 0.0064999999999999997
2901 0.0064000000000000003
2902 0.0064000000000000003
2903 0.0054000000000000003
2904 0.0067000000000000002
2905 0.0068999999999999999
2906 0.0061000000000000004
2907 0.0064999999999999997
2908 0.0061999999999999998
2909 0.0051999999999999998
2910 0.0054999999999999997
2911 0.0058999999999999999
2912 0.0054000000000000003
2913 0.0054000000000000003
2914 0.0068999999999999999
2915 0.0061000000000000004
2916 0.0079000000000000008
2917 0.0071000000000000004
2918 0.0068999999999999999
2919 0.0061999999999999998
2920 0.0071999999999999998
2921 0.0067999999999999996
2922 0.0067000000000000002
2923 0.0061999999999999998
2924 0.0053
2925 0.0079000000000000008
2926 0.0061000000000000004
2927 0.0074999999999999997
2928 0.0061000000000000004
2929 0.0061999999999999998
2930 0.0064999999999999997
2931 0.0073000000000000001
2932 0.0064000000000000003
2933 0.0071000000000000004
2934 0.0064000000000000003
2935 0.0061000000000000004
2936 0.0057999999999999996
2937 0.0066
2938 0.0073000000000000001
2939 0.0086
2940 0.0067000000000000002
2941 0.0067000000000000002
2942 0.0051999999999999998
2943 0.0068999999999999999
2944 0.0077999999999999996
2945 0.0080999999999999996
2946 0.0068999999999999999
2947 0.0070000000000000001
2948 0.0067999999999999996
2949 0.0071999999999999998
2950 0.0068999999999999999
2951 0.0048999999999999998
2952 0.0050000000000000001
2953 0.0070000000000000001
2954 0.0067999999999999996
2955 0.0063
2956 0.0064999999999999997
2957 0.0074999999999999997
2958 0.0061999999999999998
2959 0.0066
2960 0.0054000000000000003
2961 0.0064000000000000003
2962 0.0053
2963 0.0073000000000000001
2964 0.0060000000000000001
2965 0.0053
2966 0.0061999999999999998
2967 0.0074000000000000003
2968 0.0067999999999999996
2969 0.0070000000000000001
2970 0.0061000000000000004
2971 0.0050000000000000001
2972 0.0061000000000000004
2973 0.0053
2974 0.0060000000000000001
2975 0.0068999999999999999
2976 0.0077000000000000002
2977 0.0064000000000000003
2978 0.0064000000000000003
2979 0.0073000000000000001
2980 0.0057000000000000002
2981 0.0063
2982 0.0061000000000000004
2983 0.0080999999999999996
2984 0.0066
2985 0.0063
2986 0.0067000000000000002
2987 0.0055999999999999999
2988 0.0076
2989 0.0057999999999999996
2990 0.0064999999999999997
2991 0.0080999999999999996
2992 0.0079000000000000008
2993 0.0061000000000000004
2994 0.0077000000000000002
2995 0.0070000000000000001
2996 0.0050000000000000001
2997 0.0083999999999999995
2998 0.0073000000000000001
2999 0.0063
