0 0
1 0
2 0
3 0
4 0
5 0
6 0
7 0
8 0
9 0
10 0
11 0
12 0
13 0
14 0
15 0
16 0
17 0
18 0
19 0
20 0
21 0
22 0
23 0
24 0
25 0
26 0
27 0
28 0
29 0
30 0
31 0
32 0
33 0
34 0
35 0
36 0
37 0
38 0
39 0
40 0
41 0
42 0
43 0
44 0
45 0
46 0
47 0
48 0
49 0
50 0
51 0
52 0
53 0
54 0
55 0
56 0
57 0
58 0
59 0
60 0
61 0
62 0
63 0
64 0
65 0
66 0
67 0
68 0
69 0
70 0
71 0
72 0
73 0
74 0
75 0
76 0
77 0
78 0
79 0
80 0
81 0
82 0
83 0
84 0
85 0
86 0
87 0
88 0
89 0
90 0
91 0
92 0
93 0
94 0
95 0
96 0
97 0
98 0
99 0
100 0
101 0
102 0
103 0
104 0
105 0
106 0
107 0
108 0
109 0
110 0
111 0
112 0
113 0
114 0
115 0
116 0
117 0
118 0
119 0
120 0
121 0
122 0
123 0
124 0
125 0
126 0
127 0
128 0
129 0
130 0
131 0
132 0
133 0
134 0
135 0
136 0
137 0
138 0
139 0
140 0
141 0
142 0
143 0
144 0
145 0
146 0
147 0
148 0
149 0
150 0
151 0
152 0
153 0
154 0
155 0
156 0
157 0
158 0
159 0
160 0
161 0
162 0
163 0
164 0
165 0
166 0
167 0
168 0
169 0
170 0
171 0
172 0
173 0
174 0
175 0
176 0
177 0
178 0
179 0
180 0
181 0
182 0
183 0
184 0
185 0
186 0
187 0
188 0
189 0
190 0
191 0
192 0
193 0
194 0
195 0
196 0
197 0
198 0
199 0
200 0
201 0
202 0
203 0
204 0
205 0
206 0
207 0
208 0
209 0
210 0
211 0
212 0
213 0
214 0
215 0
216 0
217 0
218 0
219 0
220 0
221 0
222 0
223 0
224 0
225 0
226 0
227 0
228 0
229 0
230 0
231 0
232 0
233 0
234 0
235 0
236 0
237 0
238 0
239 0
240 0
241 0
242 0
243 0
244 0
245 0
246 0
247 0
248 0
249 0
250 0
251 0
252 0
253 0
254 0
255 0
256 0
257 0
258 0
259 0
260 0
261 0
262 0
263 0
264 0
265 0
266 0
267 0
268 0
269 0
270 0
271 0
272 0
273 0
274 0
275 0
276 0
277 0
278 0
279 0
280 0
281 0
282 0
283 0
284 0
285 0
286 0
287 0
288 0
289 0
290 0
291 0
292 0
293 0
294 0
295 0
296 0
297 0
298 0
299 0
300 0
301 0
302 0
303 0
304 0
305 0
306 0
307 0
308 0
309 0
310 0
311 0
312 0
313 0
314 0
315 0
316 0
317 0
318 0
319 0
320 0
321 0
322 0
323 0
324 0
325 0
326 0
327 0
328 0
329 0
330 0
331 0
332 0
333 0
334 0
335 0
336 0
337 0
338 0
339 0
340 0
341 0
342 0
343 0
344 0
345 0
346 0
347 0
348 0
349 0
350 0
351 0
352 0
353 0
354 0
355 0
356 0
357 0
358 0
359 0
360 0
361 0
362 0
363 0
364 0
365 0
366 0
367 0
368 0
369 0
370 0
371 0
372 0
373 0
374 0
375 0
376 0
377 0
378 0
379 0
380 0
381 0
382 0
383 0
384 0
385 0
386 0
387 0
388 0
389 0
390 0
391 0
392 0
393 0
394 0
395 0
396 0
397 0
398 0
399 0
400 0
401 0
402 0
403 0
404 0
405 0
406 0
407 0
408 0
409 0
410 0
411 0
412 0
413 0
414 0
415 0
416 0
417 0
418 0
419 0
420 0
421 0
422 0
423 0
424 0
425 0
426 0
427 0
428 0
429 0
430 0
431 0
432 0
433 0
434 0
435 0
436 0.0001
437 0.00020000000000000001
438 0.00050000000000000001
439 0.00040000000000000002
440 0.00080000000000000004
441 0.0023
442 0.0018
443 0.0011999999999999999
444 0.0011999999999999999
445 0.00080000000000000004
446 0.001
447 0.00089999999999999998
448 0.00059999999999999995
449 0.00050000000000000001
450 0.00069999999999999999
451 0.00069999999999999999
452 0.00059999999999999995
453 0.00020000000000000001
454 0.00020000000000000001
455 0.0001
456 0.0001
457 0.0001
458 0.0001
459 0.00040000000000000002
460 0.00029999999999999997
461 0.00029999999999999997
462 0.00029999999999999997
463 0.00020000000000000001
464 0.00029999999999999997
465 0.00040000000000000002
466 0.0001
467 0.00020000000000000001
468 0.0001
469 0.0
470 0.0
471 0.0
472 0.0
473 0.0
474 0.0
475 0.0
476 0.0
477 0.0001
478 0.0
479 0.0
480 0.0
481 0.0
482 0.0
483 0.0
484 0.0
485 0.0
486 0.0
487 0.0
488 0.0
489 0.0
490 0.0
491 0.0
492 0.0
493 0.0
494 0.0
495 0.0
496 0.0
497 0.0
498 0.0
499 0.0
500 0.0
501 0.0
502 0.0
503 0.0
504 0.0
505 0.0
506 0.0
507 0.0
508 0.0
509 0.0
510 0.0
511 0.0
512 0.0
513 0.0
514 0.0
515 0.0
516 0.0
517 0.0
518 0.0001
519 0.0
520 0.0
521 0.0
522 0.0
523 0.0
524 0.0
525 0.0
526 0.0
527 0.0
528 0.0
529 0.0
530 0.0
531 0.0
532 0.0
533 0.0
534 0.0
535 0.0
536 0.0
537 0.0
538 0.0
539 0.0
540 0.0
541 0.0
542 0.0
543 0.0
544 0.0
545 0.0
546 0.0
547 0.0
548 0.0
549 0.0
550 0.0
551 0.0
552 0.0
553 0.0
554 0.0
555 0.0
556 0.0
557 0.0
558 0.0
559 0.0
560 0.0
561 0.0
562 0.0
563 0.0
564 0.0
565 0.0
566 0.0
567 0.0
568 0.0
569 0.0
570 0.0
571 0.0
572 0.0
573 0.0
574 0.0
575 0.0
576 0.0
577 0.0
578 0.0
579 0.0
580 0.0
581 0.0
582 0.0
583 0.0
584 0.0
585 0.0
586 0.0
587 0.0
588 0.0
589 0.0
590 0.0
591 0.0
592 0.0
593 0.0
594 0.0
595 0.0
596 0.0
597 0.0
598 0.0
599 0.0
600 0.0
601 0.0
602 0.0
603 0.0
604 0.0
605 0.0
606 0.0
607 0.0
608 0.0
609 0.0
610 0.0
611 0.0
612 0.0
613 0.0
614 0.0
615 0.0
616 0.0
617 0.0
618 0.0
619 0.0
620 0.0
621 0.0
622 0.0
623 0.0
624 0.0
625 0.0
626 0.0
627 0.0
628 0.0
629 0.0
630 0.0
631 0.0
632 0.0
633 0.0
634 0.0
635 0.0
636 0.0
637 0.0
638 0.0
639 0.0
640 0.0
641 0.0
642 0.0
643 0.0
644 0.0
645 0.0
646 0.0
647 0.0
648 0.0
649 0.0
650 0.0
651 0.0
652 0.0
653 0.0
654 0.0
655 0.0
656 0.0
657 0.0
658 0.0
659 0.0
660 0.0
661 0.0
662 0.0
663 0.0001
664 0.0
665 0.0
666 0.0001
667 0.0
668 0.0
669 0.0
670 0.0
671 0.0
672 0.0
673 0.0
674 0.0
675 0.0
676 0.0
677 0.0
678 0.0
679 0.0
680 0.0
681 0.0
682 0.0
683 0.0001
684 0.0
685 0.0
686 0.0
687 0.0
688 0.0
689 0.0
690 0.0
691 0.0001
692 0.0
693 0.0
694 0.0
695 0.0
696 0.0
697 0.0
698 0.0
699 0.0
700 0.0
701 0.0
702 0.0
703 0.0
704 0.0
705 0.0
706 0.0
707 0.0
708 0.0
709 0.0
710 0.0
711 0.0
712 0.0
713 0.0
714 0.0
715 0.0001
716 0.0
717 0.0
718 0.0
719 0.0
720 0.00020000000000000001
721 0.0
722 0.0001
723 0.0
724 0.0
725 0.0001
726 0.0001
727 0.00020000000000000001
728 0.0
729 0.0
730 0.0
731 0.0001
732 0.0001
733 0.0001
734 0.00040000000000000002
735 0.0001
736 0.00029999999999999997
737 0.00020000000000000001
738 0.00040000000000000002
739 0.00040000000000000002
740 0.00069999999999999999
741 0.00050000000000000001
742 0.00050000000000000001
743 0.00029999999999999997
744 0.00020000000000000001
745 0.00029999999999999997
746 0.00040000000000000002
747 0.00050000000000000001
748 0.00040000000000000002
749 0.00029999999999999997
750 0.00020000000000000001
751 0.00020000000000000001
752 0.00029999999999999997
753 0.00020000000000000001
754 0.00020000000000000001
755 0.00020000000000000001
756 0.00040000000000000002
757 0.00059999999999999995
758 0.00059999999999999995
759 0.0001
760 0.00029999999999999997
761 0.0001
762 0.00020000000000000001
763 0.00040000000000000002
764 0.0
765 0.0
766 0.0
767 0.0
768 0.0001
769 0.0
770 0.0001
771 0.0
772 0.0001
773 0.0001
774 0.0001
775 0.0
776 0.0
777 0.0001
778 0.0
779 0.0
780 0.0
781 0.0
782 0.0
783 0.0
784 0.0
785 0.0
786 0.0
787 0.0
788 0.0
789 0.0
790 0.0
791 0.0
792 0.0
793 0.0
794 0.0
795 0.0
796 0.0
797 0.0
798 0.0001
799 0.0
800 0.0
801 0.0
802 0.0
803 0.0001
804 0.0
805 0.0
806 0.0
807 0.0
808 0.0
809 0.0
810 0.0
811 0.0
812 0.0
813 0.0
814 0.0
815 0.0
816 0.0
817 0.0
818 0.0
819 0.0
820 0.0
821 0.0
822 0.0
823 0.0
824 0.0
825 0.0
826 0.0
827 0.0001
828 0.0
829 0.0
830 0.0
831 0.0
832 0.0
833 0.0
834 0.0
835 0.0
836 0.0
837 0.0
838 0.0
839 0.0
840 0.0
841 0.0
842 0.0
843 0.0
844 0.0
845 0.0
846 0.0
847 0.0
848 0.0
849 0.0
850 0.0
851 0.0
852 0.0
853 0.0
854 0.0
855 0.0
856 0.0
857 0.0
858 0.0
859 0.0
860 0.0
861 0.0
862 0.0
863 0.0
864 0.0
865 0.0
866 0.0
867 0.0
868 0.0
869 0.0
870 0.0
871 0.0
872 0.0
873 0.0
874 0.0
875 0.0
876 0.0
877 0.0
878 0.0
879 0.0001
880 0.0
881 0.001
882 0.0030999999999999999
883 0.0099000000000000008
884 0.0146
885 0.0201
886 0.031300000000000001
887 0.048000000000000001
888 0.055599999999999997
889 0.075200000000000003
890 0.1308
891 0.25650000000000001
892 0.37559999999999999
893 0.46860000000000002
894 0.47949999999999998
895 0.50090000000000001
896 0.5514
897 0.62470000000000003
898 0.7097
899 0.79210000000000003
900 0.80389999999999995
901 0.82230000000000003
902 0.79900000000000004
903 0.88319999999999999
904 1.0477000000000001
905 1.2914000000000001
906 1.3001
907 1.2317
908 1.1353
909 1.0808
910 1.0179
911 0.91500000000000004
912 0.85319999999999996
913 0.88629999999999998
914 1.0322
915 1.3209
916 1.6192
917 1.8252999999999999
918 1.8099000000000001
919 1.3896999999999999
920 0.8518
921 0.6482
922 0.62050000000000005
923 0.59560000000000002
924 0.53310000000000002
925 0.4995
926 0.41189999999999999
927 0.31440000000000001
928 0.30559999999999998
929 0.39750000000000002
930 0.64600000000000002
931 1.2
932 2.0299
933 2.8557999999999999
934 3.2961
935 3.2702
936 3.3912
937 3.6259999999999999
938 3.8323
939 3.9460999999999999
940 4.0571000000000002
941 4.1459000000000001
942 4.2662000000000004
943 4.476
944 4.7934000000000001
945 5.1029
946 5.2396000000000003
947 5.5101000000000004
948 6.0411000000000001
949 6.5401999999999996
950 6.9701000000000004
951 7.4592000000000001
952 7.9283000000000001
953 8.1801999999999992
954 8.3917000000000002
955 8.3705999999999996
956 8.5545000000000009
957 8.6788000000000007
958 8.6304999999999996
959 8.2288999999999994
960 7.8678999999999997
961 7.7568000000000001
962 7.8339999999999996
963 8.1377000000000006
964 8.5016999999999996
965 8.9092000000000002
966 8.9320000000000004
967 8.7537000000000003
968 8.3139000000000003
969 7.7487000000000004
970 7.3630000000000004
971 7.2796000000000003
972 7.2165999999999997
973 7.0545999999999998
974 6.9324000000000003
975 7.0284000000000004
976 7.6066000000000003
977 8.2562999999999995
978 8.8940000000000001
979 9.5091000000000001
980 9.8055000000000003
981 9.8904999999999994
982 9.9933999999999994
983 10.246600000000001
984 9.9835999999999991
985 9.5092999999999996
986 9.0183999999999997
987 9.3521000000000001
988 10.571
989 12.214399999999999
990 13.0014
991 12.135
992 10.3047
993 8.6631
994 8.0051000000000005
995 8.2851999999999997
996 9.2959999999999994
997 10.7005
998 11.524699999999999
999 10.779299999999999
1000 9.2617999999999991
1001 7.5932000000000004
1002 6.1390000000000002
1003 5.2439
1004 4.8552
1005 4.4771999999999998
1006 3.9485000000000001
1007 3.3412999999999999
1008 2.6991999999999998
1009 2.2801
1010 1.9826999999999999
1011 1.5031000000000001
1012 1.0943000000000001
1013 0.68830000000000002
1014 0.50529999999999997
1015 0.44690000000000002
1016 0.49299999999999999
1017 0.56869999999999998
1018 0.67490000000000006
1019 0.7177
1020 0.7863
1021 0.81159999999999999
1022 0.85909999999999997
1023 0.91139999999999999
1024 0.98070000000000002
1025 1.032
1026 1.0607
1027 1.1036999999999999
1028 1.1953
1029 1.3293999999999999
1030 1.514
1031 1.7126999999999999
1032 1.8120000000000001
1033 1.901
1034 1.8813
1035 1.8113999999999999
1036 1.6686000000000001
1037 1.5544
1038 1.5671999999999999
1039 1.6429
1040 1.7687999999999999
1041 1.8859999999999999
1042 2.0333000000000001
1043 2.2835000000000001
1044 2.4567999999999999
1045 2.605
1046 2.6435
1047 2.7692999999999999
1048 2.7726999999999999
1049 2.7334000000000001
1050 2.5118
1051 2.3298000000000001
1052 2.2444999999999999
1053 2.1869000000000001
1054 2.2094
1055 2.2092000000000001
1056 2.0505
1057 1.8302
1058 1.6268
1059 1.4852000000000001
1060 1.3762000000000001
1061 1.282
1062 1.3066
1063 1.2924
1064 1.1404000000000001
1065 0.83240000000000003
1066 0.56440000000000001
1067 0.38590000000000002
1068 0.28710000000000002
1069 0.18959999999999999
1070 0.14180000000000001
1071 0.11269999999999999
1072 0.10829999999999999
1073 0.10390000000000001
1074 0.098699999999999996
1075 0.1007
1076 0.097799999999999998
1077 0.10150000000000001
1078 0.098000000000000004
1079 0.091499999999999998
1080 0.094200000000000006
1081 0.089099999999999999
1082 0.091800000000000007
1083 0.090800000000000006
1084 0.089800000000000005
1085 0.095699999999999993
1086 0.087800000000000003
1087 0.091999999999999998
1088 0.094700000000000006
1089 0.090899999999999995
1090 0.094700000000000006
1091 0.089499999999999996
1092 0.097299999999999998
1093 0.095200000000000007
1094 0.092399999999999996
1095 0.095799999999999996
1096 0.0906
1097 0.084400000000000003
1098 0.094200000000000006
1099 0.087900000000000006
1100 0.089800000000000005
1101 0.089099999999999999
1102 0.088700000000000001
1103 0.088400000000000006
1104 0.084599999999999995
1105 0.077100000000000002
1106 0.081100000000000005
1107 0.077899999999999997
1108 0.075300000000000006
1109 0.073599999999999999
1110 0.072499999999999995
1111 0.071300000000000002
1112 0.067799999999999999
1113 0.0693
1114 0.064299999999999996
1115 0.0693
1116 0.064799999999999996
1117 0.058500000000000003
1118 0.053800000000000001
1119 0.059400000000000001
1120 0.059499999999999997
1121 0.057299999999999997
1122 0.054800000000000001
1123 0.054199999999999998
1124 0.046600000000000003
1125 0.045600000000000002
1126 0.047199999999999999
1127 0.045100000000000001
1128 0.045199999999999997
1129 0.046300000000000001
1130 0.042700000000000002
1131 0.0482
1132 0.041300000000000003
1133 0.042799999999999998
1134 0.041799999999999997
1135 0.039699999999999999
1136 0.039800000000000002
1137 0.033700000000000001
1138 0.038199999999999998
1139 0.036900000000000002
1140 0.035900000000000001
1141 0.037100000000000001
1142 0.033300000000000003
1143 0.034700000000000002
1144 0.037499999999999999
1145 0.032099999999999997
1146 0.036600000000000001
1147 0.035999999999999997
1148 0.034599999999999999
1149 0.033000000000000002
1150 0.034000000000000002
1151 0.0327
1152 0.033000000000000002
1153 0.033700000000000001
1154 0.034700000000000002
1155 0.034500000000000003
1156 0.030800000000000001
1157 0.032599999999999997
1158 0.033700000000000001
1159 0.034000000000000002
1160 0.031300000000000001
1161 0.035400000000000001
1162 0.035799999999999998
1163 0.035299999999999998
1164 0.033599999999999998
1165 0.038199999999999998
1166 0.0356
1167 0.034700000000000002
1168 0.040300000000000002
1169 0.0385
1170 0.036200000000000003
1171 0.040800000000000003
1172 0.034599999999999999
1173 0.041200000000000001
1174 0.041300000000000003
1175 0.040399999999999998
1176 0.035299999999999998
1177 0.043799999999999999
1178 0.041700000000000001
1179 0.0395
1180 0.0458
1181 0.041799999999999997
1182 0.042500000000000003
1183 0.044299999999999999
1184 0.042799999999999998
1185 0.044499999999999998
1186 0.049500000000000002
1187 0.047
1188 0.047699999999999999
1189 0.045900000000000003
1190 0.043900000000000002
1191 0.049599999999999998
1192 0.048399999999999999
1193 0.050799999999999998
1194 0.048099999999999997
1195 0.053800000000000001
1196 0.0504
1197 0.051299999999999998
1198 0.048899999999999999
1199 0.0528
1200 0.054800000000000001
1201 0.058200000000000002
1202 0.052699999999999997
1203 0.054300000000000001
1204 0.055199999999999999
1205 0.058999999999999997
1206 0.059400000000000001
1207 0.057599999999999998
1208 0.062600000000000003
1209 0.060299999999999999
1210 0.065799999999999997
1211 0.064199999999999993
1212 0.068099999999999994
1213 0.063600000000000004
1214 0.067500000000000004
1215 0.0659
1216 0.067000000000000004
1217 0.067400000000000002
1218 0.064699999999999994
1219 0.071199999999999999
1220 0.067799999999999999
1221 0.071300000000000002
1222 0.0688
1223 0.068900000000000003
1224 0.068400000000000002
1225 0.073300000000000004
1226 0.075600000000000001
1227 0.073700000000000002
1228 0.071199999999999999
1229 0.0688
1230 0.068400000000000002
1231 0.072700000000000001
1232 0.066799999999999998
1233 0.078299999999999995
1234 0.073800000000000004
1235 0.073400000000000007
1236 0.066299999999999998
1237 0.070699999999999999
1238 0.072800000000000004
1239 0.070800000000000002
1240 0.074899999999999994
1241 0.070300000000000001
1242 0.075200000000000003
1243 0.078899999999999998
1244 0.070900000000000005
1245 0.069400000000000003
1246 0.071900000000000006
1247 0.073700000000000002
1248 0.065299999999999997
1249 0.067299999999999999
1250 0.069599999999999995
1251 0.063
1252 0.067199999999999996
1253 0.0688
1254 0.061600000000000002
1255 0.058200000000000002
1256 0.063899999999999998
1257 0.061400000000000003
1258 0.067599999999999993
1259 0.063100000000000003
1260 0.062300000000000001
1261 0.056599999999999998
1262 0.058000000000000003
1263 0.056300000000000003
1264 0.060900000000000003
1265 0.059200000000000003
1266 0.055899999999999998
1267 0.054300000000000001
1268 0.060999999999999999
1269 0.051999999999999998
1270 0.050700000000000002
1271 0.052400000000000002
1272 0.0511
1273 0.0545
1274 0.050799999999999998
1275 0.048899999999999999
1276 0.048399999999999999
1277 0.047399999999999998
1278 0.049000000000000002
1279 0.044699999999999997
1280 0.044299999999999999
1281 0.045499999999999999
1282 0.045199999999999997
1283 0.040300000000000002
1284 0.043299999999999998
1285 0.040800000000000003
1286 0.039800000000000002
1287 0.0424
1288 0.044499999999999998
1289 0.040300000000000002
1290 0.041599999999999998
1291 0.038800000000000001
1292 0.038399999999999997
1293 0.040500000000000001
1294 0.033599999999999998
1295 0.037199999999999997
1296 0.033799999999999997
1297 0.038199999999999998
1298 0.037100000000000001
1299 0.0361
1300 0.033700000000000001
1301 0.0373
1302 0.035400000000000001
1303 0.034799999999999998
1304 0.037199999999999997
1305 0.033700000000000001
1306 0.035000000000000003
1307 0.032300000000000002
1308 0.035000000000000003
1309 0.032500000000000001
1310 0.029899999999999999
1311 0.028899999999999999
1312 0.031699999999999999
1313 0.029899999999999999
1314 0.031099999999999999
1315 0.0315
1316 0.029899999999999999
1317 0.031
1318 0.031600000000000003
1319 0.027900000000000001
1320 0.028899999999999999
1321 0.029600000000000001
1322 0.030499999999999999
1323 0.031899999999999998
1324 0.0304
1325 0.028799999999999999
1326 0.0293
1327 0.029600000000000001
1328 0.031099999999999999
1329 0.029399999999999999
1330 0.030300000000000001
1331 0.0287
1332 0.028500000000000001
1333 0.0275
1334 0.0264
1335 0.026700000000000002
1336 0.031199999999999999
1337 0.0286
1338 0.031399999999999997
1339 0.026499999999999999
1340 0.0315
1341 0.028799999999999999
1342 0.0327
1343 0.029100000000000001
1344 0.027300000000000001
1345 0.031800000000000002
1346 0.032099999999999997
1347 0.031
1348 0.030700000000000002
1349 0.033399999999999999
1350 0.031899999999999998
1351 0.034299999999999997
1352 0.030599999999999999
1353 0.036900000000000002
1354 0.032800000000000003
1355 0.033399999999999999
1356 0.036499999999999998
1357 0.031699999999999999
1358 0.033399999999999999
1359 0.029899999999999999
1360 0.031099999999999999
1361 0.031800000000000002
1362 0.029899999999999999
1363 0.031699999999999999
1364 0.028299999999999999
1365 0.031699999999999999
1366 0.027799999999999998
1367 0.0339
1368 0.028000000000000001
1369 0.027400000000000001
1370 0.0276
1371 0.029899999999999999
1372 0.027300000000000001
1373 0.0253
1374 0.0292
1375 0.027
1376 0.029399999999999999
1377 0.0247
1378 0.029000000000000001
1379 0.024899999999999999
1380 0.025600000000000001
1381 0.028400000000000002
1382 0.028799999999999999
1383 0.0264
1384 0.027900000000000001
1385 0.0298
1386 0.030200000000000001
1387 0.0281
1388 0.026700000000000002
1389 0.029600000000000001
1390 0.033500000000000002
1391 0.029600000000000001
1392 0.029499999999999998
1393 0.034099999999999998
1394 0.032800000000000003
1395 0.036900000000000002
1396 0.037199999999999997
1397 0.034700000000000002
1398 0.043900000000000002
1399 0.049200000000000001
1400 0.050299999999999997
1401 0.052400000000000002
1402 0.058500000000000003
1403 0.062199999999999998
1404 0.060400000000000002
1405 0.062199999999999998
1406 0.059900000000000002
1407 0.060400000000000002
1408 0.059700000000000003
1409 0.064500000000000002
1410 0.058400000000000001
1411 0.063799999999999996
1412 0.062799999999999995
1413 0.072099999999999997
1414 0.063500000000000001
1415 0.066100000000000006
1416 0.065100000000000005
1417 0.055399999999999998
1418 0.062
1419 0.060600000000000001
1420 0.057700000000000001
1421 0.0567
1422 0.054600000000000003
1423 0.058000000000000003
1424 0.053100000000000001
1425 0.055800000000000002
1426 0.054800000000000001
1427 0.053400000000000003
1428 0.055199999999999999
1429 0.0567
1430 0.049299999999999997
1431 0.053199999999999997
1432 0.0499
1433 0.047100000000000003
1434 0.050500000000000003
1435 0.047899999999999998
1436 0.046199999999999998
1437 0.045100000000000001
1438 0.046600000000000003
1439 0.042700000000000002
1440 0.043400000000000001
1441 0.042799999999999998
1442 0.039600000000000003
1443 0.040399999999999998
1444 0.040099999999999997
1445 0.040899999999999999
1446 0.043299999999999998
1447 0.037999999999999999
1448 0.036299999999999999
1449 0.040899999999999999
1450 0.045600000000000002
1451 0.039600000000000003
1452 0.041200000000000001
1453 0.0373
1454 0.037900000000000003
1455 0.039399999999999998
1456 0.044200000000000003
1457 0.040099999999999997
1458 0.041700000000000001
1459 0.0407
1460 0.044200000000000003
1461 0.042299999999999997
1462 0.042099999999999999
1463 0.045999999999999999
1464 0.042599999999999999
1465 0.043900000000000002
1466 0.045199999999999997
1467 0.042900000000000001
1468 0.043200000000000002
1469 0.044900000000000002
1470 0.046600000000000003
1471 0.0419
1472 0.047800000000000002
1473 0.045400000000000003
1474 0.044600000000000001
1475 0.047699999999999999
1476 0.045499999999999999
1477 0.045199999999999997
1478 0.0465
1479 0.0453
1480 0.045600000000000002
1481 0.047
1482 0.046100000000000002
1483 0.050500000000000003
1484 0.050200000000000002
1485 0.047199999999999999
1486 0.048300000000000003
1487 0.048000000000000001
1488 0.043700000000000003
1489 0.045600000000000002
1490 0.048899999999999999
1491 0.047500000000000001
1492 0.0458
1493 0.048500000000000001
1494 0.049500000000000002
1495 0.050099999999999999
1496 0.0441
1497 0.047
1498 0.051900000000000002
1499 0.051799999999999999
1500 0.052200000000000003
1501 0.048800000000000003
1502 0.050999999999999997
1503 0.051499999999999997
1504 0.050900000000000001
1505 0.055599999999999997
1506 0.055399999999999998
1507 0.053600000000000002
1508 0.049700000000000001
1509 0.052699999999999997
1510 0.049099999999999998
1511 0.055399999999999998
1512 0.0533
1513 0.052999999999999999
1514 0.055300000000000002
1515 0.056899999999999999
1516 0.0521
1517 0.051200000000000002
1518 0.050900000000000001
1519 0.051799999999999999
1520 0.055899999999999998
1521 0.054300000000000001
1522 0.0528
1523 0.0557
1524 0.048899999999999999
1525 0.053999999999999999
1526 0.055199999999999999
1527 0.0528
1528 0.054399999999999997
1529 0.053199999999999997
1530 0.052400000000000002
1531 0.0504
1532 0.050200000000000002
1533 0.053900000000000003
1534 0.051499999999999997
1535 0.054600000000000003
1536 0.0511
1537 0.051299999999999998
1538 0.053199999999999997
1539 0.0545
1540 0.052999999999999999
1541 0.0511
1542 0.054399999999999997
1543 0.057799999999999997
1544 0.0521
1545 0.053900000000000003
1546 0.053499999999999999
1547 0.0557
1548 0.0557
1549 0.056899999999999999
1550 0.051499999999999997
1551 0.053999999999999999
1552 0.055
1553 0.052600000000000001
1554 0.058400000000000001
1555 0.054899999999999997
1556 0.056399999999999999
1557 0.053800000000000001
1558 0.057200000000000001
1559 0.050799999999999998
1560 0.055399999999999998
1561 0.054699999999999999
1562 0.051999999999999998
1563 0.055500000000000001
1564 0.055300000000000002
1565 0.0567
1566 0.0545
1567 0.054300000000000001
1568 0.056000000000000001
1569 0.058900000000000001
1570 0.056399999999999999
1571 0.050500000000000003
1572 0.051999999999999998
1573 0.050700000000000002
1574 0.0528
1575 0.054699999999999999
1576 0.056899999999999999
1577 0.053999999999999999
1578 0.057299999999999997
1579 0.055500000000000001
1580 0.055199999999999999
1581 0.053800000000000001
1582 0.054399999999999997
1583 0.055199999999999999
1584 0.056300000000000003
1585 0.053400000000000003
1586 0.054399999999999997
1587 0.054399999999999997
1588 0.057599999999999998
1589 0.056599999999999998
1590 0.056099999999999997
1591 0.054300000000000001
1592 0.0545
1593 0.053400000000000003
1594 0.049200000000000001
1595 0.055399999999999998
1596 0.057000000000000002
1597 0.052600000000000001
1598 0.058599999999999999
1599 0.0533
1600 0.051900000000000002
1601 0.055199999999999999
1602 0.0545
1603 0.053800000000000001
1604 0.055800000000000002
1605 0.053600000000000002
1606 0.052400000000000002
1607 0.053600000000000002
1608 0.053199999999999997
1609 0.053699999999999998
1610 0.0567
1611 0.050999999999999997
1612 0.051400000000000001
1613 0.052299999999999999
1614 0.050700000000000002
1615 0.052999999999999999
1616 0.049799999999999997
1617 0.0511
1618 0.0516
1619 0.0533
1620 0.052400000000000002
1621 0.048899999999999999
1622 0.051200000000000002
1623 0.051999999999999998
1624 0.052900000000000003
1625 0.051700000000000003
1626 0.048800000000000003
1627 0.046600000000000003
1628 0.048500000000000001
1629 0.047800000000000002
1630 0.051700000000000003
1631 0.0453
1632 0.0487
1633 0.051299999999999998
1634 0.0482
1635 0.047500000000000001
1636 0.039699999999999999
1637 0.046699999999999998
1638 0.045600000000000002
1639 0.041599999999999998
1640 0.045400000000000003
1641 0.046199999999999998
1642 0.047899999999999998
1643 0.042999999999999997
1644 0.040500000000000001
1645 0.042599999999999999
1646 0.045600000000000002
1647 0.045199999999999997
1648 0.039100000000000003
1649 0.042500000000000003
1650 0.042099999999999999
1651 0.041700000000000001
1652 0.041799999999999997
1653 0.041300000000000003
1654 0.038699999999999998
1655 0.042000000000000003
1656 0.040500000000000001
1657 0.043400000000000001
1658 0.038600000000000002
1659 0.040899999999999999
1660 0.039399999999999998
1661 0.042599999999999999
1662 0.042999999999999997
1663 0.039600000000000003
1664 0.040800000000000003
1665 0.036700000000000003
1666 0.0378
1667 0.0407
1668 0.038600000000000002
1669 0.037600000000000001
1670 0.037499999999999999
1671 0.036600000000000001
1672 0.040899999999999999
1673 0.0402
1674 0.038300000000000001
1675 0.037100000000000001
1676 0.036700000000000003
1677 0.038100000000000002
1678 0.037100000000000001
1679 0.0402
1680 0.039800000000000002
1681 0.0395
1682 0.036400000000000002
1683 0.039100000000000003
1684 0.039
1685 0.037199999999999997
1686 0.033500000000000002
1687 0.035999999999999997
1688 0.039300000000000002
1689 0.042999999999999997
1690 0.040899999999999999
1691 0.037400000000000003
1692 0.037600000000000001
1693 0.037199999999999997
1694 0.039100000000000003
1695 0.037699999999999997
1696 0.039800000000000002
1697 0.041799999999999997
1698 0.039899999999999998
1699 0.0361
1700 0.037999999999999999
1701 0.041799999999999997
1702 0.039100000000000003
1703 0.042700000000000002
1704 0.042099999999999999
1705 0.038399999999999997
1706 0.038300000000000001
1707 0.038699999999999998
1708 0.037699999999999997
1709 0.0424
1710 0.045499999999999999
1711 0.043499999999999997
1712 0.041599999999999998
1713 0.043299999999999998
1714 0.038899999999999997
1715 0.039800000000000002
1716 0.043299999999999998
1717 0.042500000000000003
1718 0.042500000000000003
1719 0.041399999999999999
1720 0.043200000000000002
1721 0.044699999999999997
1722 0.044999999999999998
1723 0.0448
1724 0.044699999999999997
1725 0.043400000000000001
1726 0.0436
1727 0.043999999999999997
1728 0.0441
1729 0.045600000000000002
1730 0.042200000000000001
1731 0.048599999999999997
1732 0.0441
1733 0.043200000000000002
1734 0.043700000000000003
1735 0.040899999999999999
1736 0.044400000000000002
1737 0.045999999999999999
1738 0.047600000000000003
1739 0.046399999999999997
1740 0.045100000000000001
1741 0.042799999999999998
1742 0.0448
1743 0.048500000000000001
1744 0.043999999999999997
1745 0.043700000000000003
1746 0.047
1747 0.044999999999999998
1748 0.044600000000000001
1749 0.0465
1750 0.047800000000000002
1751 0.046199999999999998
1752 0.045600000000000002
1753 0.045699999999999998
1754 0.043900000000000002
1755 0.046800000000000001
1756 0.043200000000000002
1757 0.0458
1758 0.040500000000000001
1759 0.042200000000000001
1760 0.0465
1761 0.047
1762 0.0458
1763 0.044299999999999999
1764 0.042999999999999997
1765 0.042999999999999997
1766 0.043200000000000002
1767 0.0419
1768 0.045100000000000001
1769 0.043299999999999998
1770 0.042200000000000001
1771 0.043999999999999997
1772 0.043999999999999997
1773 0.046600000000000003
1774 0.045999999999999999
1775 0.045699999999999998
1776 0.044499999999999998
1777 0.043299999999999998
1778 0.043200000000000002
1779 0.043900000000000002
1780 0.0436
1781 0.041399999999999999
1782 0.042599999999999999
1783 0.0436
1784 0.047
1785 0.0407
1786 0.042700000000000002
1787 0.042700000000000002
1788 0.0436
1789 0.044999999999999998
1790 0.0419
1791 0.0419
1792 0.042700000000000002
1793 0.045600000000000002
1794 0.043099999999999999
1795 0.041099999999999998
1796 0.041399999999999999
1797 0.043099999999999999
1798 0.038600000000000002
1799 0.043099999999999999
1800 0.042299999999999997
1801 0.041300000000000003
1802 0.039699999999999999
1803 0.0441
1804 0.043900000000000002
1805 0.041799999999999997
1806 0.0419
1807 0.040599999999999997
1808 0.041599999999999998
1809 0.042000000000000003
1810 0.038300000000000001
1811 0.035799999999999998
1812 0.041599999999999998
1813 0.039199999999999999
1814 0.039199999999999999
1815 0.038399999999999997
1816 0.038600000000000002
1817 0.039100000000000003
1818 0.038699999999999998
1819 0.037999999999999999
1820 0.0395
1821 0.036299999999999999
1822 0.038100000000000002
1823 0.034099999999999998
1824 0.0356
1825 0.032300000000000002
1826 0.033599999999999998
1827 0.0373
1828 0.038300000000000001
1829 0.0361
1830 0.032300000000000002
1831 0.034500000000000003
1832 0.0327
1833 0.0344
1834 0.035999999999999997
1835 0.035499999999999997
1836 0.037199999999999997
1837 0.0292
1838 0.031300000000000001
1839 0.0315
1840 0.035499999999999997
1841 0.032000000000000001
1842 0.032399999999999998
1843 0.033399999999999999
1844 0.031099999999999999
1845 0.029899999999999999
1846 0.030700000000000002
1847 0.031800000000000002
1848 0.029999999999999999
1849 0.032000000000000001
1850 0.030300000000000001
1851 0.0304
1852 0.027099999999999999
1853 0.0327
1854 0.029899999999999999
1855 0.028799999999999999
1856 0.031199999999999999
1857 0.029399999999999999
1858 0.025000000000000001
1859 0.029600000000000001
1860 0.030200000000000001
1861 0.027300000000000001
1862 0.029999999999999999
1863 0.028799999999999999
1864 0.0281
1865 0.031300000000000001
1866 0.026800000000000001
1867 0.026200000000000001
1868 0.027199999999999998
1869 0.028299999999999999
1870 0.026499999999999999
1871 0.028400000000000002
1872 0.025600000000000001
1873 0.025399999999999999
1874 0.025100000000000001
1875 0.029100000000000001
1876 0.024500000000000001
1877 0.026700000000000002
1878 0.023300000000000001
1879 0.025600000000000001
1880 0.025600000000000001
1881 0.0246
1882 0.0264
1883 0.024199999999999999
1884 0.024299999999999999
1885 0.025100000000000001
1886 0.024299999999999999
1887 0.020299999999999999
1888 0.0218
1889 0.023300000000000001
1890 0.023800000000000002
1891 0.0241
1892 0.0246
1893 0.0235
1894 0.024500000000000001
1895 0.0252
1896 0.023800000000000002
1897 0.02
1898 0.0207
1899 0.023199999999999998
1900 0.025399999999999999
1901 0.021899999999999999
1902 0.021899999999999999
1903 0.021000000000000001
1904 0.020899999999999998
1905 0.0235
1906 0.02
1907 0.024899999999999999
1908 0.019599999999999999
1909 0.024
1910 0.021100000000000001
1911 0.019900000000000001
1912 0.021700000000000001
1913 0.0207
1914 0.023599999999999999
1915 0.020899999999999998
1916 0.0218
1917 0.020799999999999999
1918 0.02
1919 0.0183
1920 0.021000000000000001
1921 0.020299999999999999
1922 0.020299999999999999
1923 0.014999999999999999
1924 0.017899999999999999
1925 0.022499999999999999
1926 0.021899999999999999
1927 0.018100000000000002
1928 0.020400000000000001
1929 0.019400000000000001
1930 0.021600000000000001
1931 0.0229
1932 0.021100000000000001
1933 0.020500000000000001
1934 0.021100000000000001
1935 0.0183
1936 0.019699999999999999
1937 0.0224
1938 0.021999999999999999
1939 0.0201
1940 0.021999999999999999
1941 0.020299999999999999
1942 0.02
1943 0.0195
1944 0.021399999999999999
1945 0.018700000000000001
1946 0.02
1947 0.0224
1948 0.021100000000000001
1949 0.0201
1950 0.0212
1951 0.021399999999999999
1952 0.021499999999999998
1953 0.0223
1954 0.021999999999999999
1955 0.023300000000000001
1956 0.021000000000000001
1957 0.019900000000000001
1958 0.019900000000000001
1959 0.020299999999999999
1960 0.020400000000000001
1961 0.0195
1962 0.019900000000000001
1963 0.0241
1964 0.019900000000000001
1965 0.020299999999999999
1966 0.020799999999999999
1967 0.022200000000000001
1968 0.0223
1969 0.019199999999999998
1970 0.024400000000000002
1971 0.022800000000000001
1972 0.021600000000000001
1973 0.021600000000000001
1974 0.021600000000000001
1975 0.022499999999999999
1976 0.024799999999999999
1977 0.023300000000000001
1978 0.021100000000000001
1979 0.022100000000000002
1980 0.024199999999999999
1981 0.021499999999999998
1982 0.022800000000000001
1983 0.0247
1984 0.0224
1985 0.022800000000000001
1986 0.021600000000000001
1987 0.0218
1988 0.022599999999999999
1989 0.022100000000000002
1990 0.023800000000000002
1991 0.0241
1992 0.025499999999999998
1993 0.022800000000000001
1994 0.023800000000000002
1995 0.021499999999999998
1996 0.024199999999999999
1997 0.0224
1998 0.0258
1999 0.0223
2000 0.020500000000000001
2001 0.025499999999999998
2002 0.023199999999999998
2003 0.023599999999999999
2004 0.024400000000000002
2005 0.0258
2006 0.025600000000000001
2007 0.025399999999999999
2008 0.0246
2009 0.0263
2010 0.027300000000000001
2011 0.0246
2012 0.024899999999999999
2013 0.026200000000000001
2014 0.025600000000000001
2015 0.0235
2016 0.024899999999999999
2017 0.025999999999999999
2018 0.027199999999999998
2019 0.025000000000000001
2020 0.026800000000000001
2021 0.023699999999999999
2022 0.027199999999999998
2023 0.023900000000000001
2024 0.024
2025 0.0275
2026 0.0276
2027 0.028899999999999999
2028 0.024
2029 0.025600000000000001
2030 0.026100000000000002
2031 0.0252
2032 0.027
2033 0.026100000000000002
2034 0.025700000000000001
2035 0.024400000000000002
2036 0.0224
2037 0.027900000000000001
2038 0.026100000000000002
2039 0.026100000000000002
2040 0.023
2041 0.024400000000000002
2042 0.023
2043 0.0224
2044 0.023599999999999999
2045 0.025999999999999999
2046 0.025000000000000001
2047 0.022599999999999999
2048 0.023699999999999999
2049 0.023699999999999999
2050 0.021999999999999999
2051 0.0201
2052 0.023699999999999999
2053 0.023900000000000001
2054 0.023199999999999998
2055 0.0223
2056 0.0212
2057 0.02
2058 0.023400000000000001
2059 0.021299999999999999
2060 0.021399999999999999
2061 0.020799999999999999
2062 0.0212
2063 0.019
2064 0.022499999999999999
2065 0.021399999999999999
2066 0.019599999999999999
2067 0.0201
2068 0.019099999999999999
2069 0.019199999999999998
2070 0.019900000000000001
2071 0.020500000000000001
2072 0.017899999999999999
2073 0.018700000000000001
2074 0.019599999999999999
2075 0.019800000000000002
2076 0.016899999999999998
2077 0.016500000000000001
2078 0.017999999999999999
2079 0.0178
2080 0.0177
2081 0.0166
2082 0.013899999999999999
2083 0.015900000000000001
2084 0.016799999999999999
2085 0.0161
2086 0.0152
2087 0.0152
2088 0.016400000000000001
2089 0.0143
2090 0.017100000000000001
2091 0.016
2092 0.015699999999999999
2093 0.016199999999999999
2094 0.0155
2095 0.0155
2096 0.0141
2097 0.015599999999999999
2098 0.015100000000000001
2099 0.014
2100 0.0123
2101 0.0138
2102 0.014
2103 0.015900000000000001
2104 0.014800000000000001
2105 0.014500000000000001
2106 0.0129
2107 0.0146
2108 0.0124
2109 0.0121
2110 0.0137
2111 0.0114
2112 0.012
2113 0.010999999999999999
2114 0.0129
2115 0.0126
2116 0.0118
2117 0.0114
2118 0.011900000000000001
2119 0.0121
2120 0.0111
2121 0.010999999999999999
2122 0.010999999999999999
2123 0.0095999999999999992
2124 0.012
2125 0.010999999999999999
2126 0.0099000000000000008
2127 0.0095999999999999992
2128 0.0092999999999999992
2129 0.0114
2130 0.0118
2131 0.012500000000000001
2132 0.0094999999999999998
2133 0.0094000000000000004
2134 0.0089999999999999993
2135 0.0103
2136 0.0099000000000000008
2137 0.0106
2138 0.0101
2139 0.0091000000000000004
2140 0.0086999999999999994
2141 0.0101
2142 0.0097999999999999997
2143 0.0104
2144 0.0077999999999999996
2145 0.0088999999999999999
2146 0.0091999999999999998
2147 0.0104
2148 0.0094000000000000004
2149 0.0082000000000000007
2150 0.0064999999999999997
2151 0.0099000000000000008
2152 0.0077999999999999996
2153 0.0085000000000000006
2154 0.0086
2155 0.0080999999999999996
2156 0.0080000000000000002
2157 0.0083999999999999995
2158 0.0086999999999999994
2159 0.0085000000000000006
2160 0.0082000000000000007
2161 0.0085000000000000006
2162 0.0077999999999999996
2163 0.0063
2164 0.0076
2165 0.0086
2166 0.0082000000000000007
2167 0.0091000000000000004
2168 0.0074000000000000003
2169 0.0071000000000000004
2170 0.0070000000000000001
2171 0.0077000000000000002
2172 0.0061999999999999998
2173 0.0074999999999999997
2174 0.0077000000000000002
2175 0.0071999999999999998
2176 0.0067000000000000002
2177 0.0071000000000000004
2178 0.0074000000000000003
2179 0.0083000000000000001
2180 0.0082000000000000007
2181 0.0074999999999999997
2182 0.0066
2183 0.0070000000000000001
2184 0.0074000000000000003
2185 0.0068999999999999999
2186 0.0051000000000000004
2187 0.0071000000000000004
2188 0.0064999999999999997
2189 0.0067000000000000002
2190 0.0080000000000000002
2191 0.0077999999999999996
2192 0.0067999999999999996
2193 0.0061000000000000004
2194 0.0079000000000000008
2195 0.0061000000000000004
2196 0.0071999999999999998
2197 0.0070000000000000001
2198 0.0061000000000000004
2199 0.0071999999999999998
2200 0.0061999999999999998
2201 0.0067000000000000002
2202 0.0061999999999999998
2203 0.0074999999999999997
2204 0.0054999999999999997
2205 0.0067999999999999996
2206 0.0051000000000000004
2207 0.0064000000000000003
2208 0.0061999999999999998
2209 0.0061000000000000004
2210 0.0061000000000000004
2211 0.0051999999999999998
2212 0.0044999999999999997
2213 0.0061000000000000004
2214 0.0051000000000000004
2215 0.0055999999999999999
2216 0.0064000000000000003
2217 0.0070000000000000001
2218 0.0057999999999999996
2219 0.0058999999999999999
2220 0.0068999999999999999
2221 0.0067999999999999996
2222 0.0068999999999999999
2223 0.0079000000000000008
2224 0.0053
2225 0.0064999999999999997
2226 0.0060000000000000001
2227 0.0073000000000000001
2228 0.0079000000000000008
2229 0.0061999999999999998
2230 0.0064000000000000003
2231 0.0057999999999999996
2232 0.0053
2233 0.0057999999999999996
2234 0.0076
2235 0.0061999999999999998
2236 0.0057999999999999996
2237 0.0068999999999999999
2238 0.0063
2239 0.0068999999999999999
2240 0.0063
2241 0.0071999999999999998
2242 0.0064999999999999997
2243 0.0066
2244 0.0067000000000000002
2245 0.0064000000000000003
2246 0.0064999999999999997
2247 0.0064000000000000003
2248 0.0067999999999999996
2249 0.0058999999999999999
2250 0.0061000000000000004
2251 0.0067999999999999996
2252 0.0064999999999999997
2253 0.0068999999999999999
2254 0.0064000000000000003
2255 0.0067000000000000002
2256 0.0071000000000000004
2257 0.0064000000000000003
2258 0.0057000000000000002
2259 0.0061000000000000004
2260 0.0068999999999999999
2261 0.0079000000000000008
2262 0.0071000000000000004
2263 0.0061000000000000004
2264 0.0071999999999999998
2265 0.0060000000000000001
2266 0.0054000000000000003
2267 0.0077000000000000002
2268 0.0060000000000000001
2269 0.0057000000000000002
2270 0.0060000000000000001
2271 0.0066
2272 0.0073000000000000001
2273 0.0082000000000000007
2274 0.0053
2275 0.0074999999999999997
2276 0.0074000000000000003
2277 0.0061999999999999998
2278 0.0067000000000000002
2279 0.0071000000000000004
2280 0.0073000000000000001
2281 0.0080000000000000002
2282 0.0068999999999999999
2283 0.0067999999999999996
2284 0.0071999999999999998
2285 0.0061999999999999998
2286 0.0064000000000000003
2287 0.0079000000000000008
2288 0.0088000000000000005
2289 0.0074000000000000003
2290 0.0058999999999999999
2291 0.0067999999999999996
2292 0.0085000000000000006
2293 0.0067999999999999996
2294 0.0067999999999999996
2295 0.0067999999999999996
2296 0.0091999999999999998
2297 0.0071999999999999998
2298 0.0071999999999999998
2299 0.0080000000000000002
2300 0.0067999999999999996
2301 0.0074999999999999997
2302 0.0092999999999999992
2303 0.0066
2304 0.0057000000000000002
2305 0.0082000000000000007
2306 0.010500000000000001
2307 0.0083999999999999995
2308 0.0071999999999999998
2309 0.0070000000000000001
2310 0.0086999999999999994
2311 0.0077000000000000002
2312 0.0064999999999999997
2313 0.0077000000000000002
2314 0.0073000000000000001
2315 0.0064000000000000003
2316 0.0068999999999999999
2317 0.0080999999999999996
2318 0.0074999999999999997
2319 0.0070000000000000001
2320 0.0092999999999999992
2321 0.0080000000000000002
2322 0.010200000000000001
2323 0.0076
2324 0.0095999999999999992
2325 0.0079000000000000008
2326 0.0071999999999999998
2327 0.0077000000000000002
2328 0.0086
2329 0.0094999999999999998
2330 0.0074000000000000003
2331 0.0082000000000000007
2332 0.0066
2333 0.0082000000000000007
2334 0.0086
2335 0.0067999999999999996
2336 0.0079000000000000008
2337 0.0074000000000000003
2338 0.0085000000000000006
2339 0.0077000000000000002
2340 0.0089999999999999993
2341 0.010800000000000001
2342 0.0082000000000000007
2343 0.0070000000000000001
2344 0.0066
2345 0.0074999999999999997
2346 0.0080000000000000002
2347 0.0068999999999999999
2348 0.0085000000000000006
2349 0.0086
2350 0.0071000000000000004
2351 0.0074000000000000003
2352 0.0070000000000000001
2353 0.0068999999999999999
2354 0.0064999999999999997
2355 0.0077999999999999996
2356 0.0080999999999999996
2357 0.0064000000000000003
2358 0.0063
2359 0.0080999999999999996
2360 0.0079000000000000008
2361 0.0067999999999999996
2362 0.0088999999999999999
2363 0.0091000000000000004
2364 0.0095999999999999992
2365 0.0066
2366 0.0074999999999999997
2367 0.0054999999999999997
2368 0.0067999999999999996
2369 0.0068999999999999999
2370 0.0077000000000000002
2371 0.0079000000000000008
2372 0.0068999999999999999
2373 0.0085000000000000006
2374 0.0101
2375 0.0077000000000000002
2376 0.0082000000000000007
2377 0.0067000000000000002
2378 0.0067000000000000002
2379 0.0083000000000000001
2380 0.0054000000000000003
2381 0.0073000000000000001
2382 0.0060000000000000001
2383 0.0071000000000000004
2384 0.0058999999999999999
2385 0.0082000000000000007
2386 0.0079000000000000008
2387 0.0063
2388 0.0064999999999999997
2389 0.0083999999999999995
2390 0.0076
2391 0.0068999999999999999
2392 0.0071999999999999998
2393 0.0071999999999999998
2394 0.0064999999999999997
2395 0.0071000000000000004
2396 0.0079000000000000008
2397 0.0054999999999999997
2398 0.0077000000000000002
2399 0.0067999999999999996
2400 0.0067999999999999996
2401 0.0074000000000000003
2402 0.0070000000000000001
2403 0.0076
2404 0.010200000000000001
2405 0.0076
2406 0.0064999999999999997
2407 0.0080999999999999996
2408 0.0086999999999999994
2409 0.0061000000000000004
2410 0.0083000000000000001
2411 0.0079000000000000008
2412 0.0071000000000000004
2413 0.0074000000000000003
2414 0.0074000000000000003
2415 0.0068999999999999999
2416 0.0091000000000000004
2417 0.0083999999999999995
2418 0.0079000000000000008
2419 0.0082000000000000007
2420 0.0071999999999999998
2421 0.0068999999999999999
2422 0.0071999999999999998
2423 0.0066
2424 0.0068999999999999999
2425 0.0076
2426 0.0064999999999999997
2427 0.0057999999999999996
2428 0.0077000000000000002
2429 0.0076
2430 0.0085000000000000006
2431 0.0074999999999999997
2432 0.0070000000000000001
2433 0.0073000000000000001
2434 0.0068999999999999999
2435 0.0060000000000000001
2436 0.0071999999999999998
2437 0.0074000000000000003
2438 0.0064999999999999997
2439 0.0077000000000000002
2440 0.0070000000000000001
2441 0.0086999999999999994
2442 0.0083999999999999995
2443 0.0063
2444 0.0061999999999999998
2445 0.0083000000000000001
2446 0.0064000000000000003
2447 0.0068999999999999999
2448 0.0064000000000000003
2449 0.0054000000000000003
2450 0.0047000000000000002
2451 0.0061999999999999998
2452 0.0071000000000000004
2453 0.0044999999999999997
2454 0.0057000000000000002
2455 0.0073000000000000001
2456 0.0079000000000000008
2457 0.0048999999999999998
2458 0.0074000000000000003
2459 0.0058999999999999999
2460 0.0055999999999999999
2461 0.0057000000000000002
2462 0.0057999999999999996
2463 0.0063
2464 0.0067999999999999996
2465 0.0051999999999999998
2466 0.0064999999999999997
2467 0.0051999999999999998
2468 0.0038999999999999998
2469 0.0057000000000000002
2470 0.0064999999999999997
2471 0.0055999999999999999
2472 0.0055999999999999999
2473 0.0057000000000000002
2474 0.0044999999999999997
2475 0.0066
2476 0.0064000000000000003
2477 0.0064999999999999997
2478 0.0057999999999999996
2479 0.0054999999999999997
2480 0.0053
2481 0.0066
2482 0.0058999999999999999
2483 0.0054000000000000003
2484 0.0055999999999999999
2485 0.0061999999999999998
2486 0.0051999999999999998
2487 0.0050000000000000001
2488 0.0057999999999999996
2489 0.0050000000000000001
2490 0.0068999999999999999
2491 0.0064000000000000003
2492 0.0066
2493 0.0040000000000000001
2494 0.0041999999999999997
2495 0.0051999999999999998
2496 0.0070000000000000001
2497 0.0068999999999999999
2498 0.0057999999999999996
2499 0.0063
2500 0.0067999999999999996
2501 0.0055999999999999999
2502 0.0060000000000000001
2503 0.0064000000000000003
2504 0.0071000000000000004
2505 0.0047999999999999996
2506 0.0066
2507 0.0066
2508 0.0068999999999999999
2509 0.0058999999999999999
2510 0.0051999999999999998
2511 0.0060000000000000001
2512 0.0064999999999999997
2513 0.0047000000000000002
2514 0.0067000000000000002
2515 0.0067999999999999996
2516 0.0054000000000000003
2517 0.0053
2518 0.0055999999999999999
2519 0.0054999999999999997
2520 0.0055999999999999999
2521 0.0058999999999999999
2522 0.0061000000000000004
2523 0.0054999999999999997
2524 0.0074999999999999997
2525 0.0053
2526 0.0051000000000000004
2527 0.0063
2528 0.0054999999999999997
2529 0.0057000000000000002
2530 0.0057000000000000002
2531 0.0044000000000000003
2532 0.0047000000000000002
2533 0.0044999999999999997
2534 0.0064000000000000003
2535 0.0044999999999999997
2536 0.0044000000000000003
2537 0.0051000000000000004
2538 0.0047999999999999996
2539 0.0054000000000000003
2540 0.0055999999999999999
2541 0.0055999999999999999
2542 0.0054000000000000003
2543 0.0055999999999999999
2544 0.0050000000000000001
2545 0.0048999999999999998
2546 0.0051999999999999998
2547 0.0057000000000000002
2548 0.0051000000000000004
2549 0.0041000000000000003
2550 0.0038999999999999998
2551 0.0040000000000000001
2552 0.0050000000000000001
2553 0.0035000000000000001
2554 0.0045999999999999999
2555 0.0057999999999999996
2556 0.0044000000000000003
2557 0.0055999999999999999
2558 0.0047999999999999996
2559 0.0050000000000000001
2560 0.0057999999999999996
2561 0.0061999999999999998
2562 0.0054999999999999997
2563 0.0045999999999999999
2564 0.0048999999999999998
2565 0.0057000000000000002
2566 0.0054000000000000003
2567 0.0054999999999999997
2568 0.0050000000000000001
2569 0.0035000000000000001
2570 0.0044999999999999997
2571 0.0041999999999999997
2572 0.0051999999999999998
2573 0.0051999999999999998
2574 0.0053
2575 0.0048999999999999998
2576 0.0054000000000000003
2577 0.0041999999999999997
2578 0.0038
2579 0.0038
2580 0.0043
2581 0.0050000000000000001
2582 0.0045999999999999999
2583 0.0043
2584 0.0044999999999999997
2585 0.0040000000000000001
2586 0.0057000000000000002
2587 0.0047000000000000002
2588 0.0060000000000000001
2589 0.0054000000000000003
2590 0.0041000000000000003
2591 0.0057000000000000002
2592 0.0057000000000000002
2593 0.0047999999999999996
2594 0.0044000000000000003
2595 0.0051999999999999998
2596 0.0048999999999999998
2597 0.0054000000000000003
2598 0.0053
2599 0.0055999999999999999
2600 0.0054000000000000003
2601 0.0054000000000000003
2602 0.0051000000000000004
2603 0.0041999999999999997
2604 0.0044000000000000003
2605 0.0041999999999999997
2606 0.0040000000000000001
2607 0.0044000000000000003
2608 0.0051999999999999998
2609 0.0063
2610 0.0044999999999999997
2611 0.0045999999999999999
2612 0.0050000000000000001
2613 0.0051999999999999998
2614 0.0043
2615 0.0055999999999999999
2616 0.0071000000000000004
2617 0.0035000000000000001
2618 0.0047999999999999996
2619 0.0051000000000000004
2620 0.0054000000000000003
2621 0.0045999999999999999
2622 0.0043
2623 0.0047999999999999996
2624 0.0058999999999999999
2625 0.0053
2626 0.0037000000000000002
2627 0.0055999999999999999
2628 0.0044000000000000003
2629 0.0047999999999999996
2630 0.0051000000000000004
2631 0.0047000000000000002
2632 0.0045999999999999999
2633 0.0054999999999999997
2634 0.0054999999999999997
2635 0.0061000000000000004
2636 0.0041000000000000003
2637 0.0047999999999999996
2638 0.0047000000000000002
2639 0.0058999999999999999
2640 0.0054999999999999997
2641 0.0050000000000000001
2642 0.0055999999999999999
2643 0.0051000000000000004
2644 0.0041999999999999997
2645 0.0064000000000000003
2646 0.0050000000000000001
2647 0.0054999999999999997
2648 0.0047999999999999996
2649 0.0040000000000000001
2650 0.0054000000000000003
2651 0.0048999999999999998
2652 0.0057000000000000002
2653 0.0044999999999999997
2654 0.0035999999999999999
2655 0.0061999999999999998
2656 0.0057999999999999996
2657 0.0053
2658 0.0053
2659 0.0048999999999999998
2660 0.0054000000000000003
2661 0.0041000000000000003
2662 0.0053
2663 0.0055999999999999999
2664 0.0057000000000000002
2665 0.0060000000000000001
2666 0.0051000000000000004
2667 0.0058999999999999999
2668 0.0057999999999999996
2669 0.0060000000000000001
2670 0.0057000000000000002
2671 0.0055999999999999999
2672 0.0054999999999999997
2673 0.0054000000000000003
2674 0.0043
2675 0.0063
2676 0.0061999999999999998
2677 0.0061000000000000004
2678 0.0054999999999999997
2679 0.0053
2680 0.0055999999999999999
2681 0.0048999999999999998
2682 0.0057999999999999996
2683 0.0063
2684 0.0067000000000000002
2685 0.0054999999999999997
2686 0.0067000000000000002
2687 0.0061000000000000004
2688 0.0057000000000000002
2689 0.0063
2690 0.0064999999999999997
2691 0.0063
2692 0.0054999999999999997
2693 0.0071999999999999998
2694 0.0070000000000000001
2695 0.0064999999999999997
2696 0.0060000000000000001
2697 0.0064999999999999997
2698 0.0050000000000000001
2699 0.0061000000000000004
2700 0.0055999999999999999
2701 0.0080999999999999996
2702 0.0057999999999999996
2703 0.0057999999999999996
2704 0.0057000000000000002
2705 0.0040000000000000001
2706 0.0060000000000000001
2707 0.0064999999999999997
2708 0.0061999999999999998
2709 0.0064000000000000003
2710 0.0067999999999999996
2711 0.0083000000000000001
2712 0.0058999999999999999
2713 0.0082000000000000007
2714 0.0067999999999999996
2715 0.0063
2716 0.0077000000000000002
2717 0.0057000000000000002
2718 0.0070000000000000001
2719 0.0055999999999999999
2720 0.0070000000000000001
2721 0.0057999999999999996
2722 0.0061000000000000004
2723 0.0080999999999999996
2724 0.0067999999999999996
2725 0.0071999999999999998
2726 0.0073000000000000001
2727 0.0071999999999999998
2728 0.0061999999999999998
2729 0.0066
2730 0.0057999999999999996
2731 0.0077999999999999996
2732 0.0058999999999999999
2733 0.0071999999999999998
2734 0.0068999999999999999
2735 0.0064000000000000003
2736 0.0067000000000000002
2737 0.0061000000000000004
2738 0.0074000000000000003
2739 0.0064000000000000003
2740 0.0079000000000000008
2741 0.0067999999999999996
2742 0.0076
2743 0.0080000000000000002
2744 0.0074999999999999997
2745 0.0086
2746 0.0061000000000000004
2747 0.0074000000000000003
2748 0.0083999999999999995
2749 0.0066
2750 0.0077000000000000002
2751 0.0063
2752 0.0086
2753 0.0067000000000000002
2754 0.0076
2755 0.0057999999999999996
2756 0.0080000000000000002
2757 0.0077000000000000002
2758 0.0071999999999999998
2759 0.0070000000000000001
2760 0.0070000000000000001
2761 0.0076
2762 0.0077000000000000002
2763 0.0074999999999999997
2764 0.0082000000000000007
2765 0.0071000000000000004
2766 0.0067999999999999996
2767 0.0082000000000000007
2768 0.0068999999999999999
2769 0.0068999999999999999
2770 0.0067999999999999996
2771 0.0057000000000000002
2772 0.0074999999999999997
2773 0.0070000000000000001
2774 0.0082000000000000007
2775 0.0080000000000000002
2776 0.0083999999999999995
2777 0.0064999999999999997
2778 0.0071000000000000004
2779 0.0077000000000000002
2780 0.0085000000000000006
2781 0.0088999999999999999
2782 0.0086
2783 0.0082000000000000007
2784 0.0061999999999999998
2785 0.0083000000000000001
2786 0.0077000000000000002
2787 0.0083999999999999995
2788 0.0092999999999999992
2789 0.0077000000000000002
2790 0.0070000000000000001
2791 0.0086
2792 0.0071999999999999998
2793 0.0077999999999999996
2794 0.0077000000000000002
2795 0.0083999999999999995
2796 0.0076
2797 0.0080999999999999996
2798 0.0082000000000000007
2799 0.0095999999999999992
2800 0.0097000000000000003
2801 0.0095999999999999992
2802 0.0091000000000000004
2803 0.0088999999999999999
2804 0.0091999999999999998
2805 0.0088000000000000005
2806 0.0094000000000000004
2807 0.0074999999999999997
2808 0.0094000000000000004
2809 0.0082000000000000007
2810 0.010200000000000001
2811 0.0091999999999999998
2812 0.0094999999999999998
2813 0.0080000000000000002
2814 0.0083999999999999995
2815 0.0088000000000000005
2816 0.0097999999999999997
2817 0.0080000000000000002
2818 0.0089999999999999993
2819 0.0103
2820 0.0091999999999999998
2821 0.010500000000000001
2822 0.0083000000000000001
2823 0.0091000000000000004
2824 0.0103
2825 0.0089999999999999993
2826 0.0101
2827 0.011900000000000001
2828 0.0097000000000000003
2829 0.0104
2830 0.010999999999999999
2831 0.010699999999999999
2832 0.010999999999999999
2833 0.010999999999999999
2834 0.010699999999999999
2835 0.012200000000000001
2836 0.0095999999999999992
2837 0.010999999999999999
2838 0.0132
2839 0.0115
2840 0.0103
2841 0.011599999999999999
2842 0.010999999999999999
2843 0.012500000000000001
2844 0.0124
2845 0.010500000000000001
2846 0.0109
2847 0.0132
2848 0.012500000000000001
2849 0.0118
2850 0.0132
2851 0.013299999999999999
2852 0.0137
2853 0.012800000000000001
2854 0.012200000000000001
2855 0.012800000000000001
2856 0.012699999999999999
2857 0.012999999999999999
2858 0.01
2859 0.014500000000000001
2860 0.0143
2861 0.013899999999999999
2862 0.012999999999999999
2863 0.0121
2864 0.0135
2865 0.014500000000000001
2866 0.013899999999999999
2867 0.014
2868 0.015299999999999999
2869 0.0124
2870 0.0135
2871 0.012699999999999999
2872 0.014999999999999999
2873 0.0112
2874 0.012699999999999999
2875 0.015100000000000001
2876 0.014200000000000001
2877 0.0143
2878 0.013299999999999999
2879 0.0137
2880 0.014999999999999999
2881 0.0144
2882 0.0152
2883 0.0134
2884 0.014200000000000001
2885 0.012999999999999999
2886 0.0149
2887 0.014
2888 0.013100000000000001
2889 0.0141
2890 0.0144
2891 0.0132
2892 0.014800000000000001
2893 0.0129
2894 0.014500000000000001
2895 0.0132
2896 0.012999999999999999
2897 0.0138
2898 0.0147
2899 0.0144
2900 0.015900000000000001
2901 0.0115
2902 0.014500000000000001
2903 0.011599999999999999
2904 0.012800000000000001
2905 0.0154
2906 0.0134
2907 0.0117
2908 0.012200000000000001
2909 0.0135
2910 0.0134
2911 0.0129
2912 0.012999999999999999
2913 0.0143
2914 0.0141
2915 0.0155
2916 0.015599999999999999
2917 0.012800000000000001
2918 0.0135
2919 0.016
2920 0.0118
2921 0.0138
2922 0.013299999999999999
2923 0.0129
2924 0.0154
2925 0.013299999999999999
2926 0.012
2927 0.0135
2928 0.0123
2929 0.0126
2930 0.011299999999999999
2931 0.011599999999999999
2932 0.01
2933 0.0117
2934 0.012
2935 0.0124
2936 0.012500000000000001
2937 0.011900000000000001
2938 0.010500000000000001
2939 0.0111
2940 0.012699999999999999
2941 0.012500000000000001
2942 0.0132
2943 0.0143
2944 0.0115
2945 0.0118
2946 0.010800000000000001
2947 0.010800000000000001
2948 0.0121
2949 0.0103
2950 0.010999999999999999
2951 0.012200000000000001
2952 0.011900000000000001
2953 0.0088999999999999999
2954 0.010200000000000001
2955 0.0097999999999999997
2956 0.010800000000000001
2957 0.010999999999999999
2958 0.0106
2959 0.010500000000000001
2960 0.0118
2961 0.012200000000000001
2962 0.0114
2963 0.010200000000000001
2964 0.0088000000000000005
2965 0.0111
2966 0.010500000000000001
2967 0.011299999999999999
2968 0.010500000000000001
2969 0.0114
2970 0.0091999999999999998
2971 0.0099000000000000008
2972 0.0126
2973 0.0091999999999999998
2974 0.0106
2975 0.0117
2976 0.0086999999999999994
2977 0.010699999999999999
2978 0.010500000000000001
2979 0.0092999999999999992
2980 0.0115
2981 0.0095999999999999992
2982 0.0097999999999999997
2983 0.0103
2984 0.0091999999999999998
2985 0.0103
2986 0.010800000000000001
2987 0.010200000000000001
2988 0.0094999999999999998
2989 0.0082000000000000007
2990 0.0101
2991 0.0097000000000000003
2992 0.010699999999999999
2993 0.010800000000000001
2994 0.0099000000000000008
2995 0.0114
2996 0.0094999999999999998
2997 0.0080999999999999996
2998 0.0097999999999999997
2999 0.0111
