#0
--           K  K
--          L  L   N	***********************
--         C  C   OD	Defaultwerte einstellen
--        C  G   TL		***********************
--       D SE   SO
--      A CR   TH
1000 0000 1100 1000		Defaultwerte einstellen
1110 0000 0000 1000		jmp #1024
#512
1000 0000 0000 0001
1000 0000 0000 0010
1000 0000 0000 0011
1000 0000 0000 0100
1000 0000 0000 0101
1000 0000 0000 0110
#1024
--           K  K
--          L  L   N	***********************
--         C  C   OD	Auf Main Trigger warten
--        C  G   TL		***********************
--       D SE   SO
--      A CR   TH
--0011 0000 1100 1000		warte solange HALT = 1
0100 0010 0000 0000 	warte auf MAIN Trigger
1000 0000 1100 1100
1000 0000 1100 1100
1000 0000 1100 1100
1000 0000 1100 1100
1000 0000 1100 1100
1000 0000 1100 1100
1000 0000 1100 1100
1000 0000 1100 1100
1000 0000 1100 1100
1000 0000 1100 1100
1000 0000 1100 1100
1000 0000 1100 1100
1000 0000 1100 1100
1000 0000 1100 1100
1000 0000 1100 1100
1000 0000 1100 1100
1110 0000 0001 0000		jmp #2048
0000 0000 0000 0000
0000 0000 0000 0000
0000 0000 0000 0000
0000 0000 0000 0000
#2048
--           K  K
--          L  L   N	***********************
--         C  C   OD	Alle Chips abarbeiten
--        C  G   TL		***********************
--       D SE   SO
--      A CR   TH
1111 0000 0001 1000		JSR #3072  -- Start Sequenz
--1111 0000 0010 0001		JSR #4096  -- DUMMY Sequenz
1111 0000 0010 0000		JSR #4096  -- Normale Sequenz
1111 0000 0010 0000		JSR #4096  --  "
1111 0000 0010 0000		JSR #4096  --  "
1111 0000 0010 0000		JSR #4096  --  "
1111 0000 0010 0000		JSR #4096  --  "
1111 0000 0010 0000		JSR #4096  --  "
1111 0000 0010 0000		JSR #4096  --  "
1111 0000 0010 0000		JSR #4096  --  "
1111 0000 0010 1000		JSR #5120  -- End Sequenz
0000 1000 0000 0000		Inkrement Counter 0
1110 0000 0000 1000		JMP 1024
0000 0000 0000 0000
0000 0000 0000 0000
0000 0000 0000 0000
0000 0000 0000 0000
#3072
--           K  K
--          L  L   N	***********************
--         C  C   OD	Start Sequenz
--        C  G   TL		***********************
--       D SE   SO
--      A CR   TH
1000 0000 0100 0100
1000 0000 0000 0100
1000 0000 0000 0100
1000 0000 0100 0100
1000 0000 1100 0100
1000 0000 1100 0100
1000 0000 1000 0100
1000 0000 1000 0100
1000 0001 1100 0100
1000 0001 1100 0100
1000 0000 1000 0100
1000 0000 1000 0100
1000 0001 1100 0100
1000 0001 1100 0100
1000 0000 1000 0100
1000 0000 1000 0100
1000 0001 1100 0100
1000 0001 1100 0100
1000 0000 1000 0100
1000 0000 1000 0100
1000 0001 1100 0100
1000 0001 1100 0100
1000 0000 1000 0100
1000 0000 1000 0100
1000 0001 1100 0100
1000 0001 1100 0100
1000 0000 1000 0100
1000 0000 1000 0100
1000 0001 1100 0100
1000 0001 1100 0100
1000 0000 1000 0100
1000 0000 1000 0100
1000 0001 1100 0100
1100 0001 1100 0100
1000 0000 1100 0100
1000 0000 1100 0100
1000 0001 1100 0100
1000 0001 1100 0100
1000 0000 1100 0100
0000 1010 0000 0000		Inkrement Counter 1
0000 0000 0000 0000		RTS
0000 0000 0000 0000
0000 0000 0000 0000
0000 0000 0000 0000
#4096
--           K  K
--          L  L   N	***********************
--         C  C   OD	lange Sequenz
--        C  G   TL		***********************
--       D SE   SO
--      A CR   TH
1000 0000 1100 0101
1000 0000 1000 0100
1000 0000 1000 0100
1000 0000 1100 0100
1000 0000 1100 0100
1000 0000 1000 0100
1000 0000 1000 0100
1000 0001 1100 0100
1000 0001 1100 0100
1000 0000 1000 0100
1000 0000 1000 0100
1000 0001 1100 0100
1000 0001 1100 0100
1000 0000 1000 0100
1000 0000 1000 0100
1000 0001 1100 0100
1000 0001 1100 0100
1000 0000 1000 0100
1000 0000 1000 0100
1000 0001 1100 0100
1000 0001 1100 0100
1000 0000 1000 0100
1000 0000 1000 0100
1000 0001 1100 0100
1000 0001 1100 0100
1000 0000 1000 0100
1000 0000 1000 0100
1000 0001 1100 0100
1000 0001 1100 0100
1000 0000 1000 0100
1000 0000 1000 0100
1000 0001 1100 0100
1100 0001 1100 0100
1000 0000 1100 0100
1000 0000 1100 0100
1000 0001 1100 0100
1000 0001 1100 0100
1000 0000 1100 0100
0000 1100 0000 0000		Inkrement Counter 2
0000 0000 0000 0000		RTS
0000 0000 0000 0000
0000 0000 0000 0000
0000 0000 0000 0000
#4224
--           K  K
--          L  L   N	***********************
--         C  C   OD	DUMMY
--        C  G   TL		***********************
--       D SE   SO
--      A CR   TH
1000 0111 1111 1111
1000 0000 0000 0000
1000 0111 1111 1111
1000 0000 0000 0000
1000 0111 1111 1111
1000 0000 0000 0000
1000 0111 1111 1111
1000 0000 0000 0000
1000 0111 1111 1111
1000 0000 0000 0000
1000 0111 1111 1111
1000 0000 0000 0000
1000 0111 1111 1111
1000 0000 0000 0000
1000 0111 1111 1111
1000 0000 0000 0000
1000 0111 1111 1111
1000 0000 0000 0000
1000 0111 1111 1111
1000 0000 0000 0000
1000 0111 1111 1111
1000 0000 0000 0000
1000 0111 1111 1111
1000 0000 0000 0000
1000 0111 1111 1111
1000 0000 0000 0000
1000 0111 1111 1111
1000 0000 0000 0000
1000 0111 1111 1111
1000 0000 0000 0000
1000 0111 1111 1111
1000 0000 0000 0000
1000 0111 1111 1111
1000 0000 0000 0000
1000 0111 1111 1111
1000 0000 0000 0000
1000 0111 1111 1111
1000 0000 0000 0000
1000 0111 1111 1111
1000 0000 0000 0000
1000 0111 1111 1111
1000 0000 0000 0000
1000 0111 1111 1111
1000 0000 0000 0000
1000 0111 1111 1111
1000 0000 0000 0000
1000 0111 1111 1111
1000 0000 0000 0000
1000 0111 1111 1111
1000 0000 0000 0000
0000 0000 0000 0000		RTS
0000 0000 0000 0000
0000 0000 0000 0000
0000 0000 0000 0000
#5120
--           K  K
--          L  L   N	***********************
--         C  C   OD	End Sequenz
--        C  G   TL		***********************
--       D SE   SO
--      A CR   TH
1000 0000 1100 0100
1000 0000 1000 0100
1000 0000 1000 0100
1000 0000 1100 0100
1000 0000 1100 0100
1000 0000 1000 0100
1000 0000 1000 0100
1000 0001 1100 0100
1000 0001 1100 0100
1000 0000 1000 0100
1000 0000 1000 0100
1000 0001 1100 0100
1000 0001 1100 0100
1000 0000 1000 0100
1000 0000 1000 0100
1000 0001 1100 0100
1000 0001 1100 0100
1000 0000 1000 0100
1000 0000 1000 0100
1000 0001 1100 0100
1000 0001 1100 0100
1000 0000 1000 0100
1000 0000 1000 0100
1000 0001 1100 0100
1000 0001 1100 0100
1000 0000 1000 0100
1000 0000 1000 0100
1000 0001 1100 0100
1000 0001 1100 0100
1000 0000 1000 0100
1000 0000 1000 0100
1000 0001 1100 0100
1000 0001 1100 0100
1000 0000 1100 0100
1000 0000 1100 0100
1000 0001 1100 0100
1000 0001 1100 0100
1000 0000 1100 0100
1000 0000 1100 0100
1000 0001 1100 0100
1000 0001 1100 0100
1100 0000 1100 0100
1000 0000 1100 0100
1000 0001 1100 0100
1000 0001 1100 0100
1000 0000 1100 0100
1000 0000 1100 1000
0000 1110 0000 0000		Inkrement Counter 3
0000 0000 0000 0000		RTS
0000 0000 0000 0000
0000 0000 0000 0000
0000 0000 0000 0000
0000 0000 0000 0000
